
  [11] purring
    [38;2;43;21;7m▄[0m[38;2;45;21;5m▀[0m [38;2;38;7;0m[48;2;36;8;0m▀[0m[38;2;39;7;0m[48;2;39;9;0m▀[0m[38;2;35;6;0m▀[0m                                   
   [38;2;38;9;0m▀[0m[38;2;40;7;0m▀[0m[38;2;98;43;2m[48;2;227;168;88m▀[0m[38;2;237;136;7m[48;2;243;153;42m▀[0m[38;2;244;132;3m[48;2;248;135;6m▀[0m[38;2;247;134;3m[48;2;240;128;2m▀[0m[38;2;239;130;5m[48;2;247;132;1m▀[0m[38;2;176;91;4m[48;2;240;132;4m▀[0m[38;2;38;7;0m[48;2;201;106;4m▀[0m               [38;2;37;7;0m▄[0m[38;2;36;8;0m▄[0m                
  [38;2;40;10;2m▄[0m [38;2;224;191;142m[48;2;246;218;170m▀[0m[38;2;249;214;157m[48;2;251;215;157m▀[0m[38;2;230;191;132m[48;2;247;211;156m▀[0m[38;2;245;222;174m▄[0m[38;2;208;105;3m▀[0m[38;2;243;131;4m[48;2;210;112;7m▀[0m[38;2;246;133;3m[48;2;191;99;6m▀[0m[38;2;244;136;2m[48;2;252;153;3m▀[0m[38;2;36;5;0m▀[0m[38;2;38;7;0m▀[0m[38;2;43;12;0m▄[0m[38;2;45;11;0m▄[0m[38;2;41;10;0m▄[0m     [38;2;42;17;2m[48;2;40;7;0m▀[0m[38;2;37;7;0m[48;2;88;37;1m▀[0m[38;2;42;7;0m▄[0m [38;2;37;7;0m[48;2;136;65;3m▀[0m[38;2;37;8;0m[48;2;134;65;2m▀[0m[38;2;36;7;0m▀[0m                
  [38;2;39;9;1m▀[0m [38;2;248;224;182m[48;2;247;223;181m▀[0m[38;2;251;220;168m[48;2;241;209;159m▀[0m[38;2;242;203;145m[48;2;230;176;94m▀[0m[38;2;241;207;157m▀[0m [38;2;35;11;1m▀[0m[38;2;39;8;0m[48;2;241;140;7m▀[0m[38;2;37;6;0m[48;2;171;87;3m▀[0m[38;2;231;118;4m▄[0m[38;2;75;22;0m▄[0m [38;2;131;56;2m▄[0m[38;2;37;8;0m[48;2;159;76;3m▀[0m     [38;2;238;128;4m▄[0m[38;2;246;132;2m▄[0m[38;2;250;139;7m[48;2;250;136;4m▀[0m[38;2;250;137;7m[48;2;236;130;10m▀[0m[38;2;246;133;5m[48;2;230;125;9m▀[0m[38;2;234;124;4m[48;2;243;127;4m▀[0m[38;2;219;110;2m▄[0m  [38;2;40;17;7m▄[0m             
  [38;2;37;8;0m[48;2;45;18;6m▀[0m [38;2;203;178;144m▀[0m[38;2;195;163;124m▀[0m[38;2;161;77;6m▄[0m[38;2;241;129;10m▄[0m[38;2;202;106;6m[48;2;250;136;11m▀[0m[38;2;234;129;6m[48;2;245;137;10m▀[0m[38;2;245;134;3m[48;2;216;115;5m▀[0m[38;2;249;136;4m[48;2;240;128;6m▀[0m[38;2;247;139;11m[48;2;249;133;6m▀[0m[38;2;88;38;2m[48;2;217;110;3m▀[0m[38;2;94;39;1m[48;2;240;126;3m▀[0m[38;2;244;133;4m[48;2;251;135;4m▀[0m[38;2;248;137;8m[48;2;252;136;6m▀[0m[38;2;210;111;6m[48;2;252;136;7m▀[0m[38;2;189;94;2m[48;2;248;133;7m▀[0m[38;2;35;8;0m▀[0m[38;2;39;8;0m▀[0m[38;2;248;148;7m[48;2;242;132;4m▀[0m[38;2;249;138;7m[48;2;249;137;5m▀[0m[38;2;250;136;3m[48;2;227;123;7m▀[0m[38;2;228;123;6m▀[0m[38;2;105;77;44m▄[0m[38;2;152;116;74m▄[0m[38;2;246;162;62m[48;2;250;220;167m▀[0m[38;2;235;156;69m[48;2;252;222;171m▀[0m[38;2;155;112;73m[48;2;249;224;181m▀[0m[38;2;45;13;6m[48;2;41;13;6m▀[0m[38;2;39;7;1m[48;2;37;6;0m▀[0m             
  [38;2;43;21;4m▄[0m [38;2;37;6;0m[48;2;185;98;3m▀[0m[38;2;227;128;9m[48;2;245;132;2m▀[0m[38;2;247;133;4m[48;2;250;134;5m▀[0m[38;2;249;132;5m[48;2;250;132;5m▀[0m[38;2;250;134;7m[48;2;250;134;7m▀[0m[38;2;126;62;4m[48;2;104;48;3m▀[0m[38;2;154;72;0m▄[0m[38;2;209;105;2m[48;2;233;119;1m▀[0m[38;2;247;129;2m[48;2;248;131;3m▀[0m[38;2;249;130;2m[48;2;250;133;5m▀[0m[38;2;244;128;2m[48;2;212;109;2m▀[0m[38;2;234;124;3m▀[0m[38;2;245;132;5m[48;2;218;120;5m▀[0m[38;2;251;134;5m[48;2;249;132;3m▀[0m[38;2;251;135;6m[48;2;251;133;3m▀[0m[38;2;225;118;7m[48;2;250;132;4m▀[0m[38;2;235;122;5m[48;2;249;132;4m▀[0m[38;2;239;127;2m[48;2;217;112;3m▀[0m[38;2;220;119;1m▀[0m[38;2;83;61;32m▄[0m[38;2;253;242;199m[48;2;240;209;162m▀[0m[38;2;245;216;170m[48;2;251;218;166m▀[0m[38;2;251;220;168m[48;2;252;220;167m▀[0m[38;2;252;220;167m[48;2;252;220;169m▀[0m[38;2;252;219;164m[48;2;252;219;165m▀[0m[38;2;248;220;170m[48;2;247;216;164m▀[0m[38;2;35;11;4m▀[0m[38;2;36;5;0m▀[0m             
  [38;2;36;9;0m▀[0m[38;2;86;36;1m[48;2;148;75;2m▀[0m[38;2;234;127;8m[48;2;249;151;9m▀[0m[38;2;251;136;4m[48;2;252;145;11m▀[0m[38;2;251;137;6m[48;2;250;136;8m▀[0m[38;2;251;136;7m[48;2;251;135;6m▀[0m[38;2;251;136;9m[48;2;251;134;5m▀[0m[38;2;223;118;6m[48;2;250;133;4m▀[0m[38;2;233;121;3m[48;2;250;132;4m▀[0m[38;2;249;130;3m[48;2;250;132;4m▀[0m[38;2;251;132;5m[48;2;251;132;4m▀[0m[38;2;251;135;9m[48;2;251;135;8m▀[0m[38;2;253;141;9m▄[0m[38;2;253;144;9m▄[0m[38;2;253;141;6m▄[0m[38;2;242;131;8m[48;2;249;134;6m▀[0m[38;2;251;135;6m[48;2;251;135;5m▀[0m[38;2;251;134;6m[48;2;251;135;6m▀[0m[38;2;250;132;4m[48;2;250;134;5m▀[0m[38;2;210;109;2m[48;2;239;126;4m▀[0m[38;2;241;128;6m▄[0m[38;2;190;147;98m[48;2;167;84;4m▀[0m[38;2;243;189;104m▀[0m[38;2;251;196;97m[48;2;245;178;75m▀[0m[38;2;252;213;149m[48;2;252;209;144m▀[0m[38;2;252;219;165m[48;2;252;221;170m▀[0m[38;2;252;219;166m[48;2;250;223;177m▀[0m[38;2;246;217;168m[48;2;152;125;98m▀[0m[38;2;39;6;1m▄[0m[38;2;35;7;1m▄[0m    [38;2;2;187;247m▄[0m[38;2;2;167;220m▄[0m  [38;2;2;138;197m▄[0m[38;2;0;186;237m▄[0m[38;2;1;160;204m▄[0m  
 [38;2;38;6;0m▄[0m[38;2;87;28;0m[48;2;54;13;1m▀[0m[38;2;191;98;1m▀[0m[38;2;59;200;236m▄[0m[38;2;22;136;181m▄[0m[38;2;245;140;6m▀[0m[38;2;242;129;4m[48;2;237;130;8m▀[0m[38;2;250;133;3m[48;2;250;135;6m▀[0m[38;2;251;134;5m[48;2;252;135;6m▀[0m[38;2;251;134;6m[48;2;252;135;6m▀[0m[38;2;251;134;5m[48;2;251;135;6m▀[0m[38;2;251;134;5m[48;2;251;135;6m▀[0m[38;2;251;134;5m[48;2;251;134;4m▀[0m[38;2;251;136;7m[48;2;251;134;4m▀[0m[38;2;251;136;8m[48;2;251;135;4m▀[0m[38;2;251;135;7m[48;2;251;134;4m▀[0m[38;2;251;135;6m[48;2;251;135;5m▀[0m[38;2;252;135;6m[48;2;252;136;6m▀[0m[38;2;251;135;7m[48;2;252;137;7m▀[0m[38;2;251;135;6m[48;2;252;137;6m▀[0m[38;2;250;134;5m[48;2;251;135;5m▀[0m[38;2;247;130;3m[48;2;250;134;6m▀[0m[38;2;176;84;9m[48;2;195;97;11m▀[0m[38;2;47;11;0m▄[0m[38;2;197;131;47m[48;2;201;121;19m▀[0m[38;2;251;202;132m[48;2;249;164;49m▀[0m[38;2;250;222;175m[48;2;225;166;93m▀[0m[38;2;247;218;173m▀[0m [38;2;40;11;4m▀[0m     [38;2;1;183;242m[48;2;0;176;232m▀[0m[38;2;3;189;245m[48;2;0;188;246m▀[0m[38;2;1;108;140m[48;2;1;190;246m▀[0m[38;2;2;190;246m▄[0m[38;2;1;184;236m[48;2;0;191;249m▀[0m[38;2;0;186;241m[48;2;1;189;246m▀[0m[38;2;0;154;200m[48;2;2;163;202m▀[0m  
[38;2;39;16;5m▄[0m[38;2;37;7;0m▄[0m [38;2;3;105;150m[48;2;0;166;230m▀[0m[38;2;68;211;237m▀[0m[38;2;0;107;157m▀[0m [38;2;240;135;13m[48;2;239;132;10m▀[0m[38;2;252;139;9m[48;2;250;137;7m▀[0m[38;2;252;137;7m[48;2;251;136;6m▀[0m[38;2;252;136;6m[48;2;251;135;5m▀[0m[38;2;252;136;6m[48;2;251;135;5m▀[0m[38;2;252;136;6m[48;2;251;136;6m▀[0m[38;2;252;135;5m[48;2;251;137;7m▀[0m[38;2;251;135;4m[48;2;216;116;6m▀[0m[38;2;250;135;4m[48;2;246;142;11m▀[0m[38;2;250;135;5m[48;2;249;144;11m▀[0m[38;2;251;134;5m[48;2;235;127;6m▀[0m[38;2;251;135;5m[48;2;251;134;5m▀[0m[38;2;252;135;5m[48;2;252;136;5m▀[0m[38;2;252;136;5m[48;2;252;135;5m▀[0m[38;2;252;136;6m[48;2;252;135;5m▀[0m[38;2;251;136;8m[48;2;250;134;5m▀[0m[38;2;250;137;12m[48;2;249;133;5m▀[0m[38;2;141;65;4m[48;2;244;132;6m▀[0m[38;2;90;31;3m▀[0m[38;2;60;13;2m[48;2;36;6;0m▀[0m[38;2;56;20;1m▀[0m[38;2;37;7;0m▀[0m[38;2;43;29;17m▄[0m      [38;2;10;170;230m▀[0m[38;2;1;176;233m[48;2;7;156;208m▀[0m[38;2;0;187;242m[48;2;0;182;238m▀[0m[38;2;0;188;242m[48;2;0;181;237m▀[0m[38;2;0;187;244m[48;2;4;174;226m▀[0m[38;2;3;195;245m▀[0m   
 [38;2;180;93;3m▄[0m [38;2;0;171;242m[48;2;1;174;242m▀[0m  [38;2;203;109;6m▄[0m[38;2;244;133;7m[48;2;237;127;6m▀[0m[38;2;251;135;5m[48;2;243;129;3m▀[0m[38;2;251;136;6m[48;2;250;137;6m▀[0m[38;2;251;135;6m[48;2;252;139;8m▀[0m[38;2;251;133;4m[48;2;250;136;9m▀[0m[38;2;244;130;5m[48;2;239;135;8m▀[0m[38;2;207;108;6m▀[0m   [38;2;58;17;0m▀[0m[38;2;233;128;7m▀[0m[38;2;250;134;3m[48;2;239;129;5m▀[0m[38;2;252;134;4m[48;2;251;136;7m▀[0m[38;2;241;128;4m[48;2;195;99;4m▀[0m[38;2;214;110;4m[48;2;55;13;0m▀[0m[38;2;236;123;2m[48;2;184;95;9m▀[0m[38;2;121;52;1m[48;2;105;43;4m▀[0m             [38;2;0;180;241m▀[0m[38;2;3;172;232m▀[0m     
 [38;2;245;135;5m[48;2;249;143;16m▀[0m[38;2;238;133;15m[48;2;250;143;23m▀[0m[38;2;238;165;74m▄[0m[38;2;233;200;148m▄[0m[38;2;148;119;78m[48;2;238;205;154m▀[0m[38;2;241;206;159m▄[0m  [38;2;84;32;8m[48;2;235;204;159m▀[0m[38;2;251;168;66m[48;2;252;219;163m▀[0m[38;2;250;144;22m[48;2;252;217;157m▀[0m[38;2;243;143;12m[48;2;243;183;99m▀[0m[38;2;217;135;46m▄[0m[38;2;253;158;10m[48;2;244;130;10m▀[0m[38;2;226;120;12m[48;2;250;133;8m▀[0m[38;2;202;103;6m[48;2;250;132;5m▀[0m[38;2;203;100;4m▄[0m[38;2;247;135;5m▄[0m[38;2;240;132;8m[48;2;246;133;4m▀[0m[38;2;250;135;4m[48;2;250;134;3m▀[0m[38;2;201;103;2m[48;2;241;125;3m▀[0m[38;2;36;12;0m[48;2;216;108;2m▀[0m[38;2;191;100;8m[48;2;239;126;2m▀[0m[38;2;244;134;11m[48;2;251;135;2m▀[0m[38;2;221;116;6m[48;2;237;127;2m▀[0m[38;2;201;111;3m▄[0m[38;2;36;7;0m▀[0m[38;2;36;8;0m▀[0m                
[38;2;82;36;3m[48;2;39;6;0m▀[0m[38;2;214;132;32m[48;2;131;88;44m▀[0m[38;2;251;188;97m[48;2;216;175;115m▀[0m[38;2;252;215;148m[48;2;251;217;157m▀[0m[38;2;252;218;159m[48;2;252;220;165m▀[0m[38;2;242;209;159m[48;2;201;169;128m▀[0m[38;2;234;203;157m[48;2;70;43;25m▀[0m [38;2;208;179;139m▀[0m[38;2;250;220;174m[48;2;249;224;173m▀[0m[38;2;239;210;163m[48;2;131;104;73m▀[0m[38;2;252;223;173m[48;2;251;222;171m▀[0m[38;2;253;221;167m[48;2;253;222;170m▀[0m[38;2;252;210;142m[48;2;253;222;166m▀[0m[38;2;248;158;56m[48;2;252;220;160m▀[0m[38;2;246;132;8m[48;2;248;166;67m▀[0m[38;2;250;130;3m[48;2;250;139;13m▀[0m[38;2;249;130;4m[48;2;252;134;7m▀[0m[38;2;249;131;6m[48;2;251;135;8m▀[0m[38;2;250;134;7m[48;2;227;120;6m▀[0m[38;2;227;121;6m[48;2;99;39;1m▀[0m[38;2;231;124;8m[48;2;137;63;1m▀[0m[38;2;250;136;10m[48;2;240;132;11m▀[0m[38;2;240;126;6m[48;2;245;137;13m▀[0m[38;2;190;98;5m[48;2;150;75;5m▀[0m[38;2;148;71;4m[48;2;63;20;0m▀[0m[38;2;40;8;0m▄[0m            [38;2;39;9;1m▄[0m[38;2;39;8;1m▄[0m    
  [38;2;40;14;2m▀[0m[38;2;202;168;120m[48;2;58;29;14m▀[0m[38;2;249;220;171m[48;2;164;135;101m▀[0m[38;2;245;215;166m[48;2;247;218;170m▀[0m[38;2;249;226;169m[48;2;249;216;165m▀[0m[38;2;244;209;156m[48;2;249;216;165m▀[0m[38;2;183;146;106m[48;2;249;217;165m▀[0m[38;2;249;218;165m▄[0m[38;2;237;208;160m[48;2;251;220;167m▀[0m[38;2;252;220;168m[48;2;253;222;170m▀[0m[38;2;253;223;171m[48;2;254;223;171m▀[0m[38;2;253;224;173m[48;2;253;224;171m▀[0m[38;2;253;222;168m[48;2;253;222;169m▀[0m[38;2;252;222;168m[48;2;253;220;163m▀[0m[38;2;252;158;45m[48;2;251;184;95m▀[0m[38;2;252;136;8m[48;2;250;135;4m▀[0m[38;2;251;136;9m[48;2;252;136;8m▀[0m[38;2;214;115;7m[48;2;245;133;10m▀[0m[38;2;225;118;8m▄[0m[38;2;138;62;0m[48;2;235;123;6m▀[0m[38;2;245;131;3m[48;2;248;133;4m▀[0m[38;2;251;138;5m[48;2;215;116;7m▀[0m[38;2;246;137;6m[48;2;40;9;0m▀[0m[38;2;118;51;1m▀[0m[38;2;44;9;0m[48;2;37;7;0m▀[0m[38;2;38;8;0m[48;2;38;8;0m▀[0m       [38;2;43;10;4m▄[0m[38;2;42;8;1m▄[0m[38;2;38;12;5m▄[0m[38;2;218;190;149m▄[0m[38;2;243;213;167m▄[0m[38;2;37;6;0m[48;2;243;213;166m▀[0m[38;2;40;6;0m[48;2;241;215;173m▀[0m[38;2;37;7;0m[48;2;40;13;6m▀[0m  
   [38;2;39;10;1m[48;2;76;56;40m▀[0m[38;2;64;32;18m[48;2;39;9;0m▀[0m[38;2;96;65;48m[48;2;36;8;0m▀[0m[38;2;162;132;98m▀[0m[38;2;248;217;167m▀[0m[38;2;249;217;163m▀[0m[38;2;251;218;162m[48;2;240;208;157m▀[0m[38;2;252;220;167m[48;2;251;220;168m▀[0m[38;2;253;222;169m[48;2;252;222;170m▀[0m[38;2;254;222;170m[48;2;253;222;172m▀[0m[38;2;253;223;172m[48;2;253;223;174m▀[0m[38;2;252;223;173m[48;2;252;223;174m▀[0m[38;2;252;222;170m[48;2;251;179;94m▀[0m[38;2;251;161;55m[48;2;251;144;25m▀[0m[38;2;250;133;5m[48;2;251;135;9m▀[0m[38;2;251;135;5m[48;2;248;131;4m▀[0m[38;2;251;135;5m[48;2;235;122;2m▀[0m[38;2;250;134;6m▀[0m[38;2;248;132;10m▀[0m[38;2;88;32;2m[48;2;36;7;0m▀[0m[38;2;39;7;0m▄[0m[38;2;41;12;0m▄[0m           [38;2;65;32;20m[48;2;195;167;129m▀[0m[38;2;190;164;130m[48;2;249;222;172m▀[0m[38;2;243;215;169m[48;2;250;220;169m▀[0m[38;2;251;222;172m[48;2;252;220;166m▀[0m[38;2;251;220;169m[48;2;251;219;167m▀[0m[38;2;251;220;170m[48;2;252;218;166m▀[0m[38;2;240;211;165m[48;2;250;219;167m▀[0m  
     [38;2;38;20;12m▀[0m [38;2;35;7;0m[48;2;53;24;11m▀[0m[38;2;39;8;1m[48;2;43;10;2m▀[0m[38;2;196;167;129m[48;2;199;170;131m▀[0m[38;2;250;223;175m[48;2;251;223;174m▀[0m[38;2;252;223;172m[48;2;252;222;169m▀[0m[38;2;252;222;171m[48;2;252;221;169m▀[0m[38;2;252;221;169m[48;2;252;220;167m▀[0m[38;2;252;219;162m[48;2;252;217;159m▀[0m[38;2;250;149;39m[48;2;249;178;87m▀[0m[38;2;250;135;11m[48;2;248;136;10m▀[0m[38;2;251;136;10m[48;2;251;137;9m▀[0m[38;2;240;129;9m[48;2;250;138;12m▀[0m[38;2;217;117;10m▄[0m[38;2;248;133;5m▄[0m[38;2;201;99;2m▄[0m [38;2;38;7;0m▀[0m[38;2;60;26;2m▀[0m[38;2;43;12;0m▄[0m       [38;2;41;9;2m▀[0m[38;2;40;11;3m▀[0m[38;2;195;188;156m[48;2;111;208;214m▀[0m[38;2;186;203;174m[48;2;52;186;220m▀[0m[38;2;141;200;196m[48;2;4;181;236m▀[0m[38;2;140;201;198m[48;2;2;182;241m▀[0m[38;2;209;213;175m[48;2;75;202;225m▀[0m[38;2;251;218;164m[48;2;200;214;188m▀[0m[38;2;251;219;169m[48;2;246;223;184m▀[0m[38;2;249;220;173m[48;2;106;87;62m▀[0m[38;2;38;7;3m▀[0m[38;2;39;7;1m▀[0m
       [38;2;39;8;1m▀[0m [38;2;215;184;137m[48;2;216;186;142m▀[0m[38;2;251;219;165m[48;2;251;221;170m▀[0m[38;2;252;220;167m[48;2;252;221;167m▀[0m[38;2;252;221;168m[48;2;252;220;167m▀[0m[38;2;252;221;169m[48;2;252;222;171m▀[0m[38;2;252;219;165m[48;2;252;202;132m▀[0m[38;2;250;176;86m[48;2;251;148;33m▀[0m[38;2;250;136;11m[48;2;251;135;10m▀[0m[38;2;251;135;5m[48;2;233;125;4m▀[0m[38;2;250;136;6m[48;2;109;49;4m▀[0m[38;2;248;135;6m[48;2;52;18;1m▀[0m[38;2;247;132;5m[48;2;232;122;3m▀[0m[38;2;244;128;3m[48;2;247;129;3m▀[0m[38;2;158;72;2m[48;2;246;129;3m▀[0m[38;2;246;132;5m▄[0m[38;2;136;65;6m▄[0m[38;2;36;6;0m[48;2;88;33;1m▀[0m[38;2;39;8;0m[48;2;36;7;0m▀[0m        [38;2;4;186;232m[48;2;4;185;234m▀[0m[38;2;1;184;245m[48;2;3;118;158m▀[0m[38;2;1;187;247m[48;2;1;188;240m▀[0m[38;2;0;186;248m[48;2;1;183;236m▀[0m[38;2;1;187;246m[48;2;3;155;208m▀[0m[38;2;30;188;231m[48;2;1;173;231m▀[0m[38;2;224;233;208m▀[0m[38;2;38;8;1m▄[0m  
       [38;2;35;5;0m▄[0m[38;2;37;9;2m[48;2;36;6;0m▀[0m[38;2;215;186;142m[48;2;109;76;51m▀[0m[38;2;251;221;170m[48;2;238;207;155m▀[0m[38;2;251;221;168m[48;2;251;219;165m▀[0m[38;2;252;220;166m[48;2;251;219;166m▀[0m[38;2;252;220;165m[48;2;250;211;149m▀[0m[38;2;251;166;64m[48;2;248;153;42m▀[0m[38;2;251;138;15m[48;2;250;134;8m▀[0m[38;2;251;137;13m[48;2;252;135;9m▀[0m[38;2;213;113;8m[48;2;240;130;10m▀[0m[38;2;246;141;20m▄[0m[38;2;247;141;16m▄[0m[38;2;235;123;2m[48;2;248;133;6m▀[0m[38;2;249;131;3m[48;2;251;134;6m▀[0m[38;2;250;133;5m[48;2;249;136;10m▀[0m[38;2;233;123;7m[48;2;138;63;2m▀[0m[38;2;219;114;10m[48;2;58;15;0m▀[0m[38;2;180;88;3m[48;2;148;73;2m▀[0m[38;2;226;122;5m▄[0m [38;2;36;7;0m▄[0m[38;2;38;8;0m▄[0m   [38;2;35;7;0m▀[0m[38;2;35;10;2m▀[0m[38;2;17;71;96m▀[0m[38;2;16;36;36m[48;2;38;9;0m▀[0m  [38;2;18;114;150m[48;2;37;9;0m▀[0m[38;2;9;120;173m▀[0m [38;2;36;9;3m▀[0m  
          [38;2;185;153;116m▀[0m[38;2;242;211;163m[48;2;190;165;129m▀[0m[38;2;251;222;174m[48;2;235;210;172m▀[0m[38;2;232;177;113m[48;2;236;209;174m▀[0m[38;2;202;101;4m▀[0m[38;2;244;129;4m[48;2;232;128;11m▀[0m[38;2;250;133;5m[48;2;250;135;8m▀[0m[38;2;251;135;8m[48;2;250;137;10m▀[0m[38;2;252;137;10m[48;2;250;137;11m▀[0m[38;2;251;137;8m[48;2;251;136;7m▀[0m[38;2;252;136;8m[48;2;250;134;5m▀[0m[38;2;250;134;7m[48;2;228;118;2m▀[0m[38;2;241;133;8m[48;2;158;76;2m▀[0m[38;2;166;79;3m[48;2;233;120;2m▀[0m[38;2;237;122;3m▄[0m[38;2;189;98;5m[48;2;246;127;3m▀[0m[38;2;236;126;4m[48;2;249;132;4m▀[0m[38;2;230;128;4m[48;2;245;135;8m▀[0m[38;2;37;6;0m[48;2;165;79;3m▀[0m[38;2;43;9;0m[48;2;39;7;0m▀[0m[38;2;43;11;0m▀[0m     [38;2;206;109;5m[48;2;237;126;3m▀[0m[38;2;248;134;6m[48;2;245;130;4m▀[0m[38;2;233;123;6m[48;2;245;130;5m▀[0m[38;2;89;38;1m[48;2;180;93;2m▀[0m     
         [38;2;211;113;4m[48;2;209;106;3m▀[0m[38;2;103;45;3m[48;2;229;120;4m▀[0m[38;2;111;46;5m▄[0m[38;2;231;196;159m▀[0m[38;2;239;209;170m▀[0m[38;2;47;12;0m▄[0m[38;2;232;128;13m[48;2;233;128;14m▀[0m[38;2;248;136;11m[48;2;246;136;16m▀[0m[38;2;163;85;8m▀[0m[38;2;192;99;10m▀[0m[38;2;247;132;6m[48;2;243;127;5m▀[0m[38;2;249;133;5m[48;2;250;134;5m▀[0m[38;2;233;124;5m[48;2;129;62;4m▀[0m[38;2;38;7;0m▄[0m[38;2;243;133;9m▄[0m[38;2;245;130;5m[48;2;238;132;11m▀[0m[38;2;250;134;9m[48;2;249;138;9m▀[0m[38;2;252;137;9m[48;2;245;130;7m▀[0m[38;2;251;138;8m[48;2;237;126;7m▀[0m[38;2;231;123;3m[48;2;244;132;2m▀[0m[38;2;125;56;3m▄[0m [38;2;36;6;0m▄[0m[38;2;39;17;2m▄[0m[38;2;45;14;0m▄[0m[38;2;39;7;0m▄[0m[38;2;35;7;0m▄[0m[38;2;162;79;3m▀[0m[38;2;233;122;4m[48;2;237;126;3m▀[0m[38;2;248;133;9m[48;2;248;131;5m▀[0m[38;2;145;73;4m[48;2;167;86;4m▀[0m[38;2;39;7;0m[48;2;37;7;0m▀[0m    
       [38;2;35;6;0m▄[0m[38;2;45;9;0m▄[0m[38;2;215;108;4m[48;2;221;115;5m▀[0m[38;2;245;128;5m[48;2;249;132;6m▀[0m[38;2;233;120;4m[48;2;248;132;8m▀[0m[38;2;228;120;2m[48;2;233;126;6m▀[0m[38;2;40;9;0m[48;2;43;9;0m▀[0m[38;2;50;12;0m[48;2;39;7;0m▀[0m[38;2;235;131;14m[48;2;231;126;8m▀[0m[38;2;248;136;13m[48;2;249;133;5m▀[0m[38;2;247;133;4m[48;2;249;130;3m▀[0m[38;2;243;130;3m[48;2;250;129;4m▀[0m[38;2;245;128;1m[48;2;249;133;7m▀[0m[38;2;244;128;2m[48;2;180;92;5m▀[0m[38;2;40;9;0m▄[0m[38;2;124;56;2m[48;2;119;53;2m▀[0m[38;2;235;130;12m[48;2;246;134;6m▀[0m[38;2;250;141;13m[48;2;249;136;6m▀[0m[38;2;249;138;9m[48;2;247;135;7m▀[0m[38;2;95;41;3m▄[0m[38;2;46;14;0m▄[0m[38;2;216;115;3m[48;2;228;122;3m▀[0m[38;2;245;135;4m[48;2;248;135;4m▀[0m [38;2;36;7;0m[48;2;38;7;0m▀[0m  [38;2;44;9;0m[48;2;185;86;2m▀[0m[38;2;137;66;3m[48;2;245;132;3m▀[0m[38;2;233;125;8m[48;2;250;138;10m▀[0m[38;2;238;127;3m[48;2;249;137;11m▀[0m[38;2;244;129;2m[48;2;165;81;4m▀[0m[38;2;173;87;4m[48;2;45;6;0m▀[0m     
       [38;2;38;8;0m▀[0m[38;2;41;8;0m[48;2;37;8;0m▀[0m[38;2;172;88;5m[48;2;37;9;0m▀[0m[38;2;233;122;4m[48;2;215;114;7m▀[0m[38;2;248;131;5m[48;2;249;134;7m▀[0m[38;2;228;124;5m[48;2;217;122;4m▀[0m [38;2;38;7;0m▀[0m[38;2;230;129;13m[48;2;36;8;0m▀[0m[38;2;248;136;12m[48;2;36;7;0m▀[0m[38;2;251;133;9m[48;2;238;130;13m▀[0m[38;2;251;134;9m[48;2;250;134;9m▀[0m[38;2;248;137;13m[48;2;246;132;7m▀[0m[38;2;119;52;2m▀[0m[38;2;38;8;0m[48;2;35;6;0m▀[0m [38;2;231;129;4m▀[0m[38;2;236;136;7m▀[0m[38;2;227;121;5m[48;2;168;79;1m▀[0m[38;2;248;132;4m[48;2;175;91;7m▀[0m[38;2;250;132;3m[48;2;251;137;10m▀[0m[38;2;251;133;3m[48;2;251;135;7m▀[0m[38;2;247;133;4m[48;2;247;132;3m▀[0m  [38;2;95;33;0m[48;2;120;44;0m▀[0m[38;2;215;109;4m[48;2;244;128;7m▀[0m[38;2;222;114;4m▄[0m[38;2;226;116;2m▄[0m[38;2;249;136;7m[48;2;239;127;5m▀[0m[38;2;218;116;10m[48;2;119;53;4m▀[0m[38;2;103;44;2m[48;2;44;8;0m▀[0m[38;2;40;8;0m[48;2;40;9;0m▀[0m     
      [38;2;206;176;135m▄[0m[38;2;221;200;159m[48;2;245;214;163m▀[0m[38;2;250;230;178m[48;2;250;216;161m▀[0m[38;2;253;236;185m[48;2;251;219;166m▀[0m[38;2;236;163;69m[48;2;249;223;177m▀[0m[38;2;203;112;15m[48;2;104;74;55m▀[0m[38;2;42;10;3m▄[0m[38;2;38;13;6m▄[0m[38;2;210;183;143m▄[0m[38;2;112;79;45m[48;2;251;220;164m▀[0m[38;2;124;82;44m[48;2;251;218;163m▀[0m[38;2;238;162;71m[48;2;252;221;168m▀[0m[38;2;250;147;31m[48;2;250;191;116m▀[0m[38;2;244;129;4m[48;2;205;132;49m▀[0m [38;2;35;5;0m▀[0m[38;2;41;9;1m[48;2;172;143;113m▀[0m[38;2;43;16;2m[48;2;247;222;178m▀[0m[38;2;250;220;172m▄[0m[38;2;249;217;163m▄[0m[38;2;103;54;18m[48;2;245;193;116m▀[0m[38;2;239;131;8m[48;2;231;141;29m▀[0m[38;2;187;94;5m[48;2;129;55;1m▀[0m[38;2;235;130;10m[48;2;224;125;14m▀[0m[38;2;136;68;3m▄[0m[38;2;38;7;0m▄[0m[38;2;110;39;0m[48;2;104;36;0m▀[0m[38;2;243;125;3m[48;2;242;126;1m▀[0m[38;2;245;128;2m[48;2;234;121;1m▀[0m[38;2;224;115;2m[48;2;45;7;0m▀[0m[38;2;182;92;2m▀[0m[38;2;37;6;0m▀[0m[38;2;39;8;0m▀[0m      
    [38;2;38;8;1m▀[0m[38;2;123;95;71m[48;2;81;53;35m▀[0m[38;2;245;217;170m[48;2;229;204;164m▀[0m[38;2;236;198;150m▀[0m[38;2;237;204;155m[48;2;231;208;166m▀[0m[38;2;251;217;164m[48;2;234;206;162m▀[0m[38;2;236;208;163m[48;2;206;173;134m▀[0m [38;2;39;11;4m▀[0m[38;2;249;233;190m[48;2;252;237;195m▀[0m[38;2;246;221;176m[48;2;218;194;157m▀[0m[38;2;235;207;156m▀[0m[38;2;251;217;159m[48;2;243;217;170m▀[0m[38;2;252;218;161m[48;2;248;218;167m▀[0m[38;2;244;217;172m[48;2;182;147;112m▀[0m[38;2;201;170;129m▀[0m [38;2;160;124;96m[48;2;162;127;99m▀[0m[38;2;249;219;172m[48;2;246;216;171m▀[0m[38;2;230;204;162m[48;2;151;119;86m▀[0m[38;2;236;210;167m[48;2;205;177;142m▀[0m[38;2;251;220;172m[48;2;247;225;184m▀[0m[38;2;252;217;160m[48;2;251;222;174m▀[0m[38;2;251;204;127m[48;2;250;207;137m▀[0m[38;2;249;134;4m[48;2;243;129;6m▀[0m[38;2;246;136;7m[48;2;41;8;1m▀[0m[38;2;137;66;2m[48;2;38;7;0m▀[0m[38;2;43;8;0m[48;2;41;8;0m▀[0m[38;2;39;9;0m▄[0m [38;2;35;8;0m▄[0m[38;2;36;9;0m▄[0m         
      [38;2;37;7;0m[48;2;35;6;0m▀[0m[38;2;38;7;1m[48;2;36;9;2m▀[0m[38;2;39;7;0m▀[0m      [38;2;38;6;1m▀[0m[38;2;37;13;7m[48;2;37;8;0m▀[0m[38;2;36;7;0m▄[0m  [38;2;35;7;0m▀[0m[38;2;35;10;2m▀[0m    [38;2;40;12;6m[48;2;35;5;0m▀[0m[38;2;40;12;5m[48;2;39;8;0m▀[0m[38;2;36;6;0m▄[0m  [38;2;37;8;0m▀[0m             
