
  [4] laughing
    [38;2;35;10;2m▄[0m  [38;2;38;7;0m[48;2;231;126;4m▀[0m[38;2;249;139;6m▄[0m[38;2;247;135;4m▄[0m[38;2;234;127;4m▄[0m [38;2;37;10;1m▀[0m[38;2;35;15;2m▀[0m     [38;2;38;8;0m▄[0m                         
    [38;2;51;22;11m▀[0m[38;2;248;220;169m▄[0m[38;2;238;130;12m[48;2;241;193;118m▀[0m[38;2;185;96;5m[48;2;89;52;28m▀[0m[38;2;214;115;6m[48;2;42;9;1m▀[0m[38;2;251;140;7m[48;2;205;107;4m▀[0m[38;2;243;135;4m[48;2;233;119;2m▀[0m[38;2;245;159;6m[48;2;40;8;0m▀[0m[38;2;42;9;0m▄[0m[38;2;41;8;0m▄[0m [38;2;36;8;0m▀[0m[38;2;35;7;0m▀[0m   [38;2;62;21;1m[48;2;114;50;1m▀[0m[38;2;126;61;3m[48;2;250;140;8m▀[0m[38;2;243;136;7m[48;2;251;140;7m▀[0m[38;2;247;135;2m[48;2;246;133;3m▀[0m[38;2;246;135;3m[48;2;245;132;2m▀[0m[38;2;234;132;8m[48;2;249;141;10m▀[0m[38;2;62;18;1m[48;2;170;93;22m▀[0m[38;2;36;7;0m▀[0m[38;2;35;12;2m▀[0m                
  [38;2;37;7;0m▄[0m [38;2;247;219;169m[48;2;247;215;162m▀[0m[38;2;252;222;170m[48;2;243;210;155m▀[0m[38;2;252;222;170m[48;2;214;183;136m▀[0m[38;2;227;187;141m▀[0m  [38;2;241;128;3m▄[0m[38;2;235;121;2m[48;2;245;131;3m▀[0m[38;2;113;46;1m[48;2;178;86;2m▀[0m[38;2;105;38;0m[48;2;162;72;0m▀[0m[38;2;243;126;2m[48;2;231;115;1m▀[0m[38;2;242;129;1m[48;2;251;139;6m▀[0m[38;2;179;89;4m[48;2;250;141;10m▀[0m[38;2;186;91;4m▄[0m[38;2;37;5;0m▀[0m[38;2;86;30;1m[48;2;237;123;0m▀[0m[38;2;244;130;2m[48;2;247;130;2m▀[0m[38;2;249;135;3m[48;2;241;130;6m▀[0m[38;2;229;123;8m[48;2;219;103;6m▀[0m[38;2;172;80;4m▀[0m [38;2;247;164;55m[48;2;249;220;170m▀[0m[38;2;232;193;136m[48;2;251;219;166m▀[0m[38;2;160;126;95m[48;2;223;193;148m▀[0m [38;2;35;6;0m▀[0m               
  [38;2;38;7;0m▀[0m[38;2;79;47;33m[48;2;37;5;0m▀[0m[38;2;247;218;171m[48;2;208;174;132m▀[0m[38;2;215;189;141m▀[0m [38;2;225;121;3m▄[0m[38;2;232;124;10m[48;2;250;137;5m▀[0m[38;2;249;133;5m[48;2;247;133;6m▀[0m[38;2;249;132;5m[48;2;199;100;4m▀[0m[38;2;249;133;8m[48;2;247;133;7m▀[0m[38;2;237;127;7m[48;2;248;132;6m▀[0m[38;2;93;38;1m[48;2;240;127;5m▀[0m[38;2;209;110;4m[48;2;247;131;4m▀[0m[38;2;251;141;11m[48;2;250;136;7m▀[0m[38;2;252;140;8m[48;2;252;136;5m▀[0m[38;2;249;134;6m[48;2;251;133;4m▀[0m[38;2;232;120;3m[48;2;248;130;2m▀[0m[38;2;233;119;2m[48;2;243;127;2m▀[0m[38;2;219;113;3m▀[0m [38;2;220;189;143m▄[0m[38;2;232;201;151m[48;2;250;216;161m▀[0m[38;2;252;222;166m[48;2;252;215;151m▀[0m[38;2;252;221;166m[48;2;252;219;161m▀[0m[38;2;251;220;168m[48;2;251;219;163m▀[0m[38;2;225;198;152m[48;2;226;198;152m▀[0m[38;2;39;8;2m▄[0m[38;2;36;6;0m▄[0m               
    [38;2;44;10;1m[48;2;46;8;0m▀[0m[38;2;121;52;1m[48;2;202;101;6m▀[0m[38;2;123;52;1m[48;2;198;105;13m▀[0m[38;2;132;65;3m[48;2;224;120;9m▀[0m[38;2;249;139;13m[48;2;249;134;5m▀[0m[38;2;226;123;11m[48;2;240;130;8m▀[0m[38;2;61;22;1m[48;2;186;96;7m▀[0m[38;2;247;135;11m▄[0m[38;2;248;130;3m[48;2;251;136;6m▀[0m[38;2;244;129;3m[48;2;249;135;4m▀[0m[38;2;218;111;2m▀[0m[38;2;77;27;1m▀[0m[38;2;190;99;6m▀[0m[38;2;249;133;6m[48;2;244;128;3m▀[0m[38;2;250;131;3m[48;2;250;130;2m▀[0m[38;2;248;130;3m[48;2;251;133;5m▀[0m[38;2;185;95;5m[48;2;250;135;10m▀[0m[38;2;249;141;8m▄[0m[38;2;232;203;160m▀[0m[38;2;228;177;109m▀[0m[38;2;250;184;93m[48;2;246;165;65m▀[0m[38;2;252;221;165m[48;2;252;222;172m▀[0m[38;2;251;218;163m[48;2;241;210;162m▀[0m[38;2;223;194;146m[48;2;204;173;131m▀[0m[38;2;38;7;1m▀[0m[38;2;38;7;0m▀[0m               
    [38;2;197;103;2m[48;2;44;9;0m▀[0m[38;2;237;128;11m[48;2;70;20;0m▀[0m[38;2;250;155;37m[48;2;212;114;9m▀[0m[38;2;250;148;26m[48;2;241;131;8m▀[0m[38;2;249;132;2m[48;2;250;134;6m▀[0m[38;2;250;133;4m[48;2;251;134;5m▀[0m[38;2;250;134;6m[48;2;251;133;4m▀[0m[38;2;251;136;7m[48;2;250;133;3m▀[0m[38;2;252;137;6m[48;2;246;133;4m▀[0m[38;2;251;138;8m[48;2;233;127;6m▀[0m[38;2;253;140;11m[48;2;232;127;9m▀[0m[38;2;250;137;5m[48;2;232;127;8m▀[0m[38;2;244;130;2m[48;2;227;122;5m▀[0m[38;2;246;129;3m[48;2;225;120;5m▀[0m[38;2;250;132;4m[48;2;228;124;6m▀[0m[38;2;252;135;5m[48;2;232;124;5m▀[0m[38;2;252;135;7m[48;2;245;130;2m▀[0m[38;2;246;133;6m[48;2;247;130;1m▀[0m[38;2;242;136;2m[48;2;234;125;4m▀[0m [38;2;240;141;28m[48;2;229;123;4m▀[0m[38;2;249;184;102m[48;2;232;126;10m▀[0m[38;2;229;197;151m▀[0m[38;2;37;7;1m▄[0m                 
        [38;2;249;136;11m▀[0m[38;2;251;135;7m[48;2;244;134;2m▀[0m[38;2;235;125;7m[48;2;237;134;5m▀[0m[38;2;249;131;1m▀[0m[38;2;235;126;3m▀[0m  [38;2;36;5;0m▀[0m    [38;2;197;104;1m▀[0m[38;2;241;127;2m[48;2;157;77;3m▀[0m[38;2;246;130;4m[48;2;240;126;3m▀[0m[38;2;230;123;4m[48;2;246;131;3m▀[0m[38;2;112;50;1m[48;2;246;133;1m▀[0m[38;2;35;5;0m▀[0m                   
   [38;2;3;176;227m▄[0m[38;2;0;191;243m[48;2;0;193;246m▀[0m[38;2;1;196;249m[48;2;4;168;222m▀[0m[38;2;5;181;236m▀[0m        [38;2;9;25;37m[48;2;1;189;239m▀[0m[38;2;0;193;244m[48;2;0;192;244m▀[0m[38;2;4;188;247m[48;2;2;156;211m▀[0m[38;2;3;198;245m▀[0m  [38;2;39;9;0m▀[0m[38;2;193;94;3m▀[0m[38;2;197;97;3m▀[0m[38;2;210;105;2m▀[0m [38;2;36;6;0m▄[0m                  
 [38;2;4;126;165m▄[0m[38;2;4;182;237m[48;2;2;192;247m▀[0m[38;2;6;197;251m[48;2;3;168;222m▀[0m[38;2;4;137;183m▀[0m  [38;2;195;98;3m▄[0m[38;2;215;109;0m[48;2;240;131;3m▀[0m[38;2;202;101;1m[48;2;207;102;1m▀[0m[38;2;219;113;4m▄[0m [38;2;7;50;79m▄[0m[38;2;10;63;85m[48;2;2;187;237m▀[0m[38;2;4;197;248m[48;2;1;195;248m▀[0m[38;2;2;197;250m[48;2;3;199;252m▀[0m[38;2;4;158;212m▀[0m   [38;2;118;53;3m[48;2;220;116;5m▀[0m[38;2;215;115;8m[48;2;248;135;8m▀[0m[38;2;213;112;3m[48;2;248;131;3m▀[0m[38;2;64;17;0m[48;2;245;131;2m▀[0m[38;2;234;128;3m▄[0m                    
 [38;2;226;114;0m▄[0m[38;2;5;65;96m▀[0m[38;2;20;60;80m▀[0m [38;2;247;217;170m▄[0m[38;2;234;200;152m▄[0m  [38;2;207;178;140m▄[0m[38;2;230;163;71m[48;2;250;223;175m▀[0m[38;2;51;30;13m[48;2;232;195;142m▀[0m[38;2;13;85;121m▀[0m[38;2;3;181;237m▀[0m[38;2;5;145;200m▀[0m   [38;2;253;149;4m▄[0m[38;2;237;125;5m▄[0m[38;2;245;131;6m[48;2;248;134;8m▀[0m[38;2;226;120;5m[48;2;117;53;1m▀[0m[38;2;214;110;4m[48;2;44;11;0m▀[0m[38;2;245;128;3m[48;2;219;113;3m▀[0m[38;2;242;127;1m▀[0m[38;2;238;132;0m▀[0m                   
[38;2;41;8;0m▄[0m[38;2;166;82;2m[48;2;57;16;1m▀[0m[38;2;216;117;10m[48;2;206;107;11m▀[0m[38;2;213;147;70m[48;2;248;203;132m▀[0m[38;2;216;187;143m[48;2;251;218;161m▀[0m[38;2;221;187;141m[48;2;218;184;139m▀[0m[38;2;202;169;126m▀[0m[38;2;214;180;139m▀[0m[38;2;84;56;36m▀[0m[38;2;246;217;170m[48;2;252;234;181m▀[0m[38;2;244;213;161m[48;2;253;228;178m▀[0m[38;2;239;210;161m▀[0m[38;2;236;202;149m[48;2;251;219;165m▀[0m[38;2;163;116;74m[48;2;251;222;171m▀[0m[38;2;133;55;7m[48;2;250;196;125m▀[0m[38;2;128;55;4m[48;2;247;145;35m▀[0m[38;2;125;53;3m[48;2;244;127;5m▀[0m[38;2;191;97;5m[48;2;244;126;2m▀[0m[38;2;230;122;6m[48;2;153;74;3m▀[0m[38;2;223;116;3m[48;2;58;18;0m▀[0m[38;2;238;123;2m[48;2;198;100;3m▀[0m[38;2;246;129;2m▄[0m[38;2;250;134;2m▄[0m[38;2;234;124;4m[48;2;242;129;3m▀[0m[38;2;155;73;0m▄[0m[38;2;38;6;0m▄[0m[38;2;37;7;0m▄[0m          [38;2;40;11;3m▄[0m[38;2;37;11;4m▄[0m   [38;2;44;10;3m▄[0m[38;2;39;10;3m▄[0m 
   [38;2;118;90;61m▀[0m[38;2;249;220;167m▀[0m[38;2;250;220;169m[48;2;242;211;157m▀[0m[38;2;191;160;115m[48;2;250;218;163m▀[0m[38;2;195;163;124m[48;2;251;221;170m▀[0m[38;2;221;192;150m[48;2;250;222;174m▀[0m[38;2;194;157;118m[48;2;250;221;173m▀[0m[38;2;217;183;138m[48;2;251;220;168m▀[0m[38;2;241;213;163m[48;2;252;220;164m▀[0m[38;2;252;221;167m[48;2;252;220;165m▀[0m[38;2;252;222;169m[48;2;252;220;165m▀[0m[38;2;252;223;170m[48;2;252;220;164m▀[0m[38;2;251;207;142m[48;2;252;215;154m▀[0m[38;2;247;136;16m[48;2;250;172;81m▀[0m[38;2;249;132;10m[48;2;250;136;16m▀[0m[38;2;201;104;9m[48;2;251;136;13m▀[0m[38;2;149;72;4m[48;2;251;137;10m▀[0m[38;2;224;117;3m[48;2;247;136;7m▀[0m[38;2;247;133;3m▀[0m[38;2;241;130;6m▀[0m [38;2;37;7;0m▄[0m           [38;2;57;27;13m▄[0m[38;2;38;11;4m[48;2;229;203;159m▀[0m[38;2;204;182;145m[48;2;246;218;167m▀[0m[38;2;232;205;159m[48;2;252;223;172m▀[0m[38;2;233;204;157m[48;2;252;223;172m▀[0m[38;2;227;200;156m[48;2;250;222;173m▀[0m[38;2;71;37;25m[48;2;219;193;154m▀[0m[38;2;42;9;2m▀[0m[38;2;35;5;0m▀[0m
     [38;2;39;10;2m▄[0m[38;2;41;9;1m▄[0m[38;2;170;140;110m[48;2;58;25;15m▀[0m[38;2;245;219;178m▀[0m[38;2;246;216;169m▀[0m[38;2;248;216;162m[48;2;144;107;72m▀[0m[38;2;252;219;162m[48;2;251;218;161m▀[0m[38;2;252;220;164m[48;2;252;221;166m▀[0m[38;2;253;219;162m[48;2;252;221;167m▀[0m[38;2;252;218;159m[48;2;251;163;59m▀[0m[38;2;251;188;104m[48;2;251;142;23m▀[0m[38;2;249;136;17m[48;2;251;136;13m▀[0m[38;2;249;133;12m[48;2;240;129;12m▀[0m[38;2;241;129;6m▀[0m[38;2;94;41;3m▀[0m              [38;2;85;50;29m▄[0m[38;2;192;193;163m▄[0m[38;2;226;198;150m[48;2;157;208;200m▀[0m[38;2;251;222;165m[48;2;161;211;198m▀[0m[38;2;252;223;168m[48;2;239;221;176m▀[0m[38;2;252;223;171m[48;2;251;222;171m▀[0m[38;2;252;223;172m[48;2;252;221;169m▀[0m[38;2;252;222;173m[48;2;251;221;169m▀[0m[38;2;247;220;175m[48;2;247;220;176m▀[0m  
      [38;2;38;7;0m▀[0m[38;2;45;16;7m[48;2;54;34;20m▀[0m[38;2;35;5;0m▀[0m[38;2;238;209;165m▄[0m[38;2;146;111;75m[48;2;247;213;158m▀[0m[38;2;251;217;160m[48;2;252;219;163m▀[0m[38;2;252;221;166m[48;2;252;221;166m▀[0m[38;2;252;222;171m[48;2;252;221;167m▀[0m[38;2;252;187;108m[48;2;252;216;160m▀[0m[38;2;252;146;27m[48;2;250;150;31m▀[0m[38;2;252;137;9m[48;2;250;135;4m▀[0m[38;2;248;131;6m[48;2;250;133;4m▀[0m[38;2;236;118;4m[48;2;250;133;4m▀[0m[38;2;215;106;3m[48;2;249;132;4m▀[0m[38;2;127;58;2m[48;2;195;98;4m▀[0m  [38;2;38;6;0m▄[0m [38;2;38;13;0m▄[0m       [38;2;35;7;1m▄[0m[38;2;45;174;211m[48;2;1;200;252m▀[0m[38;2;60;194;227m[48;2;5;188;249m▀[0m[38;2;2;193;249m[48;2;1;192;250m▀[0m[38;2;5;193;248m[48;2;1;189;248m▀[0m[38;2;77;195;221m[48;2;1;184;242m▀[0m[38;2;191;213;189m[48;2;55;191;223m▀[0m[38;2;250;220;166m[48;2;210;208;178m▀[0m[38;2;235;203;152m[48;2;65;47;31m▀[0m [38;2;37;4;0m▀[0m 
     [38;2;40;22;9m▄[0m [38;2;35;7;0m▄[0m[38;2;37;7;0m▄[0m[38;2;103;79;54m[48;2;39;9;0m▀[0m[38;2;215;182;141m[48;2;92;61;44m▀[0m[38;2;251;223;175m[48;2;133;102;77m▀[0m[38;2;252;221;169m[48;2;235;204;155m▀[0m[38;2;252;219;161m[48;2;251;221;162m▀[0m[38;2;251;201;126m[48;2;250;142;19m▀[0m[38;2;246;144;22m[48;2;251;136;8m▀[0m[38;2;247;133;3m[48;2;249;138;9m▀[0m[38;2;242;132;7m▀[0m[38;2;250;133;7m▀[0m[38;2;246;131;7m[48;2;233;124;4m▀[0m[38;2;251;133;4m[48;2;251;134;5m▀[0m[38;2;207;104;10m[48;2;252;134;6m▀[0m[38;2;192;93;3m[48;2;250;132;5m▀[0m[38;2;226;121;0m[48;2;241;126;3m▀[0m[38;2;221;109;0m▄[0m [38;2;36;7;0m[48;2;38;9;0m▀[0m[38;2;36;8;0m▄[0m      [38;2;0;187;242m[48;2;3;106;153m▀[0m[38;2;2;162;222m[48;2;4;115;168m▀[0m[38;2;2;170;229m▀[0m[38;2;4;174;231m▀[0m[38;2;2;192;248m[48;2;16;135;168m▀[0m[38;2;6;184;244m[48;2;16;139;186m▀[0m[38;2;9;35;45m▀[0m[38;2;35;11;2m▄[0m[38;2;52;43;34m▀[0m  
       [38;2;89;34;1m[48;2;231;126;7m▀[0m[38;2;133;62;2m[48;2;248;137;6m▀[0m[38;2;128;59;1m[48;2;244;148;35m▀[0m[38;2;45;11;2m[48;2;138;73;27m▀[0m[38;2;105;66;42m▄[0m[38;2;38;11;4m▀[0m[38;2;235;204;151m[48;2;252;211;153m▀[0m[38;2;250;139;17m[48;2;224;121;12m▀[0m[38;2;250;133;7m[48;2;248;130;2m▀[0m[38;2;247;134;6m[48;2;249;132;3m▀[0m[38;2;247;131;7m▄[0m[38;2;241;127;8m▄[0m[38;2;235;125;5m[48;2;251;135;6m▀[0m[38;2;251;134;5m[48;2;252;136;5m▀[0m[38;2;251;133;2m[48;2;251;137;6m▀[0m[38;2;239;125;2m[48;2;246;134;4m▀[0m[38;2;119;49;1m▀[0m[38;2;171;83;1m[48;2;41;7;0m▀[0m[38;2;201;106;5m[48;2;248;135;8m▀[0m[38;2;94;38;1m[48;2;201;102;7m▀[0m      [38;2;37;8;1m▄[0m[38;2;40;8;1m▄[0m[38;2;146;73;4m▄[0m[38;2;247;137;9m▄[0m[38;2;240;134;8m▄[0m[38;2;67;22;1m▄[0m      
    [38;2;35;5;0m▀[0m[38;2;52;15;0m▀[0m[38;2;232;129;8m[48;2;232;127;4m▀[0m[38;2;248;135;6m[48;2;249;141;17m▀[0m[38;2;249;162;56m[48;2;251;190;109m▀[0m[38;2;251;210;142m[48;2;252;219;163m▀[0m[38;2;249;218;167m[48;2;251;222;171m▀[0m[38;2;238;212;168m[48;2;248;224;181m▀[0m[38;2;198;169;136m[48;2;236;204;165m▀[0m [38;2;186;96;8m[48;2;177;88;3m▀[0m[38;2;248;133;7m[48;2;244;130;3m▀[0m[38;2;251;135;6m[48;2;232;124;3m▀[0m[38;2;251;134;6m[48;2;239;127;4m▀[0m[38;2;250;134;6m[48;2;249;132;4m▀[0m[38;2;250;134;4m[48;2;249;133;6m▀[0m[38;2;153;72;1m▀[0m[38;2;235;128;12m[48;2;227;119;10m▀[0m[38;2;242;135;11m[48;2;213;109;7m▀[0m[38;2;230;119;2m▀[0m[38;2;244;126;2m[48;2;245;126;2m▀[0m[38;2;250;131;4m[48;2;249;129;3m▀[0m[38;2;244;131;5m[48;2;248;130;2m▀[0m[38;2;207;107;2m▄[0m[38;2;35;9;1m▄[0m[38;2;37;6;0m▄[0m   [38;2;38;8;1m[48;2;36;8;0m▀[0m[38;2;45;10;0m[48;2;44;9;0m▀[0m[38;2;213;120;9m[48;2;127;63;4m▀[0m[38;2;248;137;8m[48;2;193;104;8m▀[0m[38;2;247;134;3m[48;2;246;135;4m▀[0m[38;2;222;117;5m[48;2;223;119;6m▀[0m      
      [38;2;215;119;5m[48;2;38;6;0m▀[0m[38;2;251;183;94m[48;2;229;186;131m▀[0m[38;2;252;219;164m[48;2;249;221;172m▀[0m[38;2;251;220;166m[48;2;249;218;167m▀[0m[38;2;252;220;166m[48;2;243;212;160m▀[0m[38;2;237;210;163m[48;2;218;195;154m▀[0m[38;2;213;179;141m▀[0m [38;2;183;90;5m[48;2;201;104;6m▀[0m[38;2;234;126;7m[48;2;240;133;11m▀[0m[38;2;102;41;2m▄[0m[38;2;93;39;2m[48;2;134;63;3m▀[0m[38;2;249;135;10m[48;2;240;128;4m▀[0m[38;2;245;133;11m[48;2;214;109;2m▀[0m[38;2;99;43;3m▀[0m[38;2;40;6;0m▀[0m[38;2;71;23;1m[48;2;131;58;1m▀[0m[38;2;225;117;7m[48;2;247;131;5m▀[0m[38;2;246;129;3m[48;2;206;107;3m▀[0m[38;2;232;119;1m▀[0m[38;2;221;113;3m[48;2;84;30;0m▀[0m[38;2;241;125;3m[48;2;211;108;1m▀[0m[38;2;207;104;2m[48;2;224;114;1m▀[0m[38;2;40;8;0m▀[0m[38;2;36;6;0m▀[0m[38;2;41;13;1m[48;2;40;12;0m▀[0m[38;2;40;12;0m▄[0m  [38;2;38;9;0m[48;2;211;112;6m▀[0m[38;2;166;85;8m[48;2;243;133;9m▀[0m[38;2;249;138;8m[48;2;250;140;11m▀[0m[38;2;232;121;4m[48;2;165;81;2m▀[0m[38;2;39;7;0m▄[0m     
            [38;2;43;11;2m▄[0m[38;2;45;10;0m▄[0m[38;2;244;130;2m[48;2;247;132;4m▀[0m[38;2;249;132;7m[48;2;249;131;5m▀[0m[38;2;245;129;7m[48;2;247;129;5m▀[0m[38;2;244;128;6m[48;2;247;129;5m▀[0m[38;2;237;124;3m[48;2;245;129;5m▀[0m[38;2;41;6;0m▄[0m[38;2;37;6;0m▄[0m[38;2;49;12;0m[48;2;83;32;2m▀[0m[38;2;235;125;3m[48;2;245;134;8m▀[0m[38;2;247;132;3m[48;2;248;133;3m▀[0m[38;2;142;61;2m[48;2;229;115;2m▀[0m[38;2;39;9;0m[48;2;209;104;1m▀[0m[38;2;204;100;4m[48;2;239;124;3m▀[0m[38;2;243;127;2m[48;2;249;133;6m▀[0m[38;2;243;127;1m[48;2;248;134;9m▀[0m[38;2;220;115;3m[48;2;246;134;5m▀[0m[38;2;35;8;0m[48;2;44;8;0m▀[0m[38;2;40;9;0m[48;2;36;8;0m▀[0m[38;2;44;9;0m[48;2;121;56;1m▀[0m[38;2;168;83;0m▄[0m[38;2;212;106;4m[48;2;144;72;2m▀[0m[38;2;242;129;2m[48;2;248;133;3m▀[0m[38;2;246;133;3m[48;2;243;129;2m▀[0m[38;2;173;83;4m[48;2;124;53;3m▀[0m [38;2;38;8;0m▀[0m     
              [38;2;231;123;4m▀[0m[38;2;240;125;5m▀[0m[38;2;246;129;5m[48;2;239;127;5m▀[0m[38;2;247;130;5m[48;2;247;132;7m▀[0m[38;2;246;132;6m▀[0m[38;2;80;27;1m[48;2;38;7;0m▀[0m[38;2;42;8;0m▀[0m[38;2;38;7;0m[48;2;96;52;11m▀[0m[38;2;36;8;0m▀[0m[38;2;220;116;1m▀[0m[38;2;242;127;1m▀[0m[38;2;247;128;1m[48;2;167;85;5m▀[0m[38;2;249;130;2m[48;2;247;132;6m▀[0m[38;2;163;77;1m[48;2;200;98;2m▀[0m[38;2;104;46;3m[48;2;164;78;2m▀[0m[38;2;234;131;2m[48;2;236;130;1m▀[0m[38;2;40;7;0m▄[0m[38;2;39;8;0m▄[0m[38;2;214;114;2m[48;2;221;120;5m▀[0m[38;2;224;119;5m[48;2;248;136;5m▀[0m[38;2;206;112;9m[48;2;248;138;7m▀[0m[38;2;248;140;12m[48;2;191;100;8m▀[0m[38;2;145;64;2m[48;2;65;20;0m▀[0m[38;2;40;8;0m▄[0m[38;2;44;16;0m▄[0m      
          [38;2;43;20;10m▀[0m[38;2;39;8;0m▀[0m[38;2;51;22;8m[48;2;190;159;118m▀[0m[38;2;96;70;43m[48;2;249;218;165m▀[0m[38;2;107;79;52m[48;2;250;221;172m▀[0m[38;2;138;92;44m[48;2;251;219;166m▀[0m[38;2;248;134;11m[48;2;252;191;111m▀[0m[38;2;245;130;4m[48;2;248;174;72m▀[0m    [38;2;122;92;67m▄[0m[38;2;236;205;158m▄[0m[38;2;37;9;0m[48;2;249;219;170m▀[0m[38;2;42;11;1m[48;2;245;217;163m▀[0m[38;2;211;108;7m[48;2;224;161;83m▀[0m[38;2;240;124;3m[48;2;245;130;7m▀[0m[38;2;241;124;3m[48;2;243;125;4m▀[0m[38;2;234;123;2m[48;2;227;118;3m▀[0m[38;2;39;6;0m▀[0m[38;2;42;8;0m▀[0m[38;2;155;81;5m[48;2;37;6;0m▀[0m[38;2;247;145;5m[48;2;36;6;0m▀[0m[38;2;208;111;6m▀[0m [38;2;40;9;0m▀[0m        
           [38;2;185;155;121m[48;2;199;170;134m▀[0m[38;2;246;215;166m[48;2;232;204;161m▀[0m[38;2;251;225;170m▀[0m[38;2;249;218;166m[48;2;244;216;169m▀[0m[38;2;252;219;163m[48;2;250;219;167m▀[0m[38;2;250;217;162m[48;2;247;219;170m▀[0m[38;2;214;179;131m[48;2;168;140;116m▀[0m[38;2;101;63;37m▀[0m[38;2;41;8;0m▀[0m[38;2;42;9;0m[48;2;36;7;0m▀[0m[38;2;128;89;64m[48;2;142;106;78m▀[0m[38;2;239;207;160m[48;2;236;207;165m▀[0m[38;2;250;214;156m▀[0m[38;2;251;215;155m[48;2;241;219;168m▀[0m[38;2;252;218;160m[48;2;249;215;161m▀[0m[38;2;251;215;156m[48;2;250;217;163m▀[0m[38;2;247;173;86m[48;2;247;195;124m▀[0m[38;2;249;133;7m[48;2;196;99;7m▀[0m[38;2;170;84;2m[48;2;83;25;0m▀[0m[38;2;41;7;0m▄[0m[38;2;39;6;0m▄[0m [38;2;35;7;0m▀[0m[38;2;36;7;0m▀[0m          
            [38;2;40;10;2m▀[0m [38;2;60;28;13m▀[0m[38;2;111;81;60m[48;2;36;6;0m▀[0m[38;2;65;35;18m[48;2;38;7;0m▀[0m[38;2;36;7;0m▄[0m   [38;2;37;9;1m▀[0m[38;2;53;21;7m▀[0m[38;2;35;8;1m▀[0m[38;2;49;20;4m▀[0m[38;2;67;36;16m[48;2;39;7;0m▀[0m[38;2;114;82;59m[48;2;38;7;0m▀[0m[38;2;67;34;12m▀[0m[38;2;51;19;0m▀[0m [38;2;43;14;0m▀[0m[38;2;42;11;0m▀[0m             
