
  [6] smiling
   [38;2;39;11;2m▄[0m[38;2;40;7;0m▄[0m [38;2;220;117;1m▄[0m[38;2;35;6;0m[48;2;240;130;4m▀[0m[38;2;241;131;6m▄[0m[38;2;147;66;4m▄[0m               [38;2;35;6;0m▄[0m[38;2;36;6;0m▄[0m                  
    [38;2;99;53;28m[48;2;230;201;158m▀[0m[38;2;245;140;10m[48;2;250;188;92m▀[0m[38;2;235;127;3m▀[0m[38;2;237;127;3m[48;2;124;53;4m▀[0m[38;2;249;133;4m[48;2;246;137;7m▀[0m[38;2;248;132;5m[48;2;249;135;5m▀[0m[38;2;133;54;1m[48;2;231;121;4m▀[0m     [38;2;38;9;0m▄[0m[38;2;35;7;0m▄[0m   [38;2;50;19;1m▄[0m[38;2;37;7;0m▄[0m[38;2;37;9;0m▄[0m[38;2;193;101;3m▄[0m[38;2;35;6;0m[48;2;217;115;2m▀[0m[38;2;37;6;0m[48;2;218;118;6m▀[0m[38;2;218;122;6m▄[0m [38;2;41;22;10m[48;2;36;6;0m▀[0m[38;2;35;20;10m[48;2;38;7;0m▀[0m              
 [38;2;37;5;1m[48;2;38;5;1m▀[0m[38;2;38;7;1m[48;2;36;7;0m▀[0m[38;2;246;230;186m[48;2;249;235;188m▀[0m[38;2;248;220;172m[48;2;249;218;165m▀[0m[38;2;252;225;179m[48;2;253;221;166m▀[0m[38;2;248;225;185m[48;2;246;215;167m▀[0m[38;2;196;165;131m▄[0m[38;2;169;95;8m[48;2;40;8;1m▀[0m[38;2;251;148;7m▀[0m[38;2;84;36;1m▀[0m [38;2;223;117;4m▄[0m[38;2;204;104;2m▄[0m[38;2;36;11;0m▄[0m[38;2;38;9;0m[48;2;113;51;1m▀[0m[38;2;43;10;0m[48;2;227;118;5m▀[0m[38;2;35;9;0m[48;2;225;118;2m▀[0m [38;2;36;7;0m▄[0m[38;2;41;9;0m[48;2;36;7;0m▀[0m[38;2;39;8;0m▀[0m[38;2;39;10;0m[48;2;224;124;8m▀[0m[38;2;240;130;5m[48;2;247;133;2m▀[0m[38;2;248;136;8m[48;2;247;134;4m▀[0m[38;2;249;137;5m[48;2;210;113;8m▀[0m[38;2;249;137;7m[48;2;241;129;7m▀[0m[38;2;249;139;10m[48;2;241;145;38m▀[0m[38;2;240;134;11m[48;2;246;151;40m▀[0m[38;2;46;12;0m▀[0m[38;2;35;7;0m▀[0m              
  [38;2;35;7;0m▄[0m[38;2;249;234;188m[48;2;253;241;200m▀[0m[38;2;249;215;161m[48;2;249;214;159m▀[0m[38;2;251;208;134m[48;2;220;135;40m▀[0m[38;2;208;179;134m▀[0m[38;2;40;11;1m▀[0m[38;2;38;5;1m[48;2;240;133;11m▀[0m[38;2;195;97;6m[48;2;242;132;9m▀[0m[38;2;240;125;2m[48;2;233;123;5m▀[0m[38;2;244;127;2m[48;2;110;50;1m▀[0m[38;2;248;133;7m▀[0m[38;2;247;133;9m[48;2;246;132;8m▀[0m[38;2;230;119;6m[48;2;247;130;8m▀[0m[38;2;233;120;4m[48;2;246;130;6m▀[0m[38;2;244;128;4m[48;2;247;132;6m▀[0m[38;2;247;132;4m[48;2;250;136;8m▀[0m[38;2;246;134;9m[48;2;251;137;7m▀[0m[38;2;242;133;8m[48;2;250;136;7m▀[0m[38;2;37;9;0m[48;2;246;135;9m▀[0m[38;2;248;136;12m▄[0m[38;2;243;129;3m[48;2;248;137;10m▀[0m[38;2;247;133;2m[48;2;207;99;6m▀[0m[38;2;205;105;3m▀[0m[38;2;187;153;107m▄[0m[38;2;243;217;182m▄[0m[38;2;221;193;145m[48;2;246;220;174m▀[0m[38;2;249;218;164m[48;2;251;222;174m▀[0m[38;2;245;215;165m[48;2;247;218;169m▀[0m[38;2;152;125;95m[48;2;154;127;94m▀[0m[38;2;35;5;0m▀[0m      [38;2;3;189;232m▄[0m[38;2;3;185;237m▄[0m[38;2;0;180;236m▄[0m [38;2;6;146;188m▄[0m[38;2;8;178;235m▄[0m[38;2;2;190;240m▄[0m
  [38;2;38;7;0m[48;2;37;15;2m▀[0m[38;2;40;13;5m[48;2;36;9;0m▀[0m[38;2;232;197;147m[48;2;38;8;1m▀[0m [38;2;88;40;5m[48;2;231;127;8m▀[0m[38;2;227;115;1m[48;2;231;125;6m▀[0m[38;2;231;117;3m▄[0m[38;2;226;120;8m[48;2;237;122;3m▀[0m[38;2;228;120;8m[48;2;242;127;3m▀[0m[38;2;63;19;0m[48;2;196;101;5m▀[0m[38;2;140;68;4m[48;2;234;127;9m▀[0m[38;2;248;133;5m[48;2;251;136;7m▀[0m[38;2;248;131;4m[48;2;247;131;3m▀[0m[38;2;223;117;6m▀[0m[38;2;48;12;0m▀[0m[38;2;189;95;5m▀[0m[38;2;251;135;5m[48;2;247;134;4m▀[0m[38;2;251;134;4m[48;2;251;134;3m▀[0m[38;2;250;134;4m[48;2;251;135;6m▀[0m[38;2;249;136;8m[48;2;249;139;11m▀[0m[38;2;128;63;7m▄[0m[38;2;35;10;2m▀[0m[38;2;132;92;61m[48;2;243;216;175m▀[0m[38;2;242;213;167m[48;2;251;215;163m▀[0m[38;2;252;219;168m[48;2;252;216;157m▀[0m[38;2;251;220;168m[48;2;252;220;167m▀[0m[38;2;252;221;170m[48;2;252;220;167m▀[0m[38;2;248;219;171m[48;2;248;218;168m▀[0m[38;2;156;127;94m[48;2;161;133;99m▀[0m[38;2;37;6;1m▄[0m[38;2;35;12;4m▄[0m     [38;2;0;177;226m[48;2;1;176;223m▀[0m[38;2;0;188;240m[48;2;2;191;244m▀[0m[38;2;1;190;242m[48;2;1;195;249m▀[0m[38;2;2;194;249m[48;2;1;193;249m▀[0m[38;2;1;187;243m[48;2;0;194;250m▀[0m[38;2;0;185;243m[48;2;4;195;247m▀[0m[38;2;0;188;233m[48;2;3;198;239m▀[0m
   [38;2;47;11;0m▄[0m[38;2;107;49;3m▄[0m[38;2;231;124;10m[48;2;238;127;6m▀[0m[38;2;249;134;7m[48;2;249;132;5m▀[0m[38;2;251;135;7m[48;2;250;133;5m▀[0m[38;2;251;133;6m[48;2;251;133;6m▀[0m[38;2;251;132;5m[48;2;251;134;6m▀[0m[38;2;251;133;4m[48;2;252;135;5m▀[0m[38;2;251;133;5m[48;2;251;134;5m▀[0m[38;2;251;134;5m[48;2;251;134;4m▀[0m[38;2;251;134;5m[48;2;251;135;5m▀[0m[38;2;250;134;4m[48;2;251;136;6m▀[0m[38;2;232;123;8m[48;2;251;135;7m▀[0m[38;2;215;110;4m[48;2;249;131;4m▀[0m[38;2;226;121;6m[48;2;250;130;3m▀[0m[38;2;248;132;2m[48;2;251;133;5m▀[0m[38;2;251;135;5m[48;2;251;135;6m▀[0m[38;2;252;136;7m[48;2;251;135;6m▀[0m[38;2;251;138;9m[48;2;251;134;5m▀[0m[38;2;244;133;11m[48;2;250;132;3m▀[0m[38;2;233;130;24m[48;2;243;131;3m▀[0m[38;2;92;46;11m[48;2;56;21;0m▀[0m[38;2;127;69;15m▀[0m[38;2;243;165;67m[48;2;241;157;51m▀[0m[38;2;251;213;152m[48;2;251;210;147m▀[0m[38;2;252;219;164m[48;2;248;218;168m▀[0m[38;2;244;212;162m▀[0m[38;2;126;102;75m▀[0m[38;2;42;8;1m▀[0m[38;2;37;13;4m▀[0m     [38;2;25;54;54m▄[0m [38;2;5;190;243m▀[0m[38;2;0;193;246m[48;2;0;187;237m▀[0m[38;2;0;195;244m[48;2;3;108;144m▀[0m  
    [38;2;148;72;2m[48;2;179;94;2m▀[0m[38;2;249;138;10m[48;2;35;6;0m▀[0m[38;2;249;134;5m[48;2;76;28;2m▀[0m[38;2;250;132;3m[48;2;242;129;6m▀[0m[38;2;251;132;3m[48;2;250;134;5m▀[0m[38;2;250;133;4m[48;2;251;134;4m▀[0m[38;2;251;134;4m[48;2;252;135;5m▀[0m[38;2;252;136;5m[48;2;252;136;6m▀[0m[38;2;252;136;5m[48;2;253;137;6m▀[0m[38;2;252;137;6m[48;2;251;136;5m▀[0m[38;2;252;137;6m[48;2;250;135;3m▀[0m[38;2;252;136;6m[48;2;240;129;4m▀[0m[38;2;252;133;5m[48;2;223;120;9m▀[0m[38;2;251;133;5m[48;2;224;120;10m▀[0m[38;2;251;134;6m[48;2;225;120;8m▀[0m[38;2;251;135;6m[48;2;246;129;4m▀[0m[38;2;251;134;5m[48;2;250;131;3m▀[0m[38;2;251;133;4m[48;2;251;133;5m▀[0m[38;2;250;131;3m[48;2;252;134;6m▀[0m[38;2;247;129;3m[48;2;250;133;6m▀[0m[38;2;204;106;3m[48;2;239;126;6m▀[0m[38;2;236;121;5m▄[0m[38;2;241;153;45m[48;2;249;150;27m▀[0m[38;2;249;185;99m[48;2;161;89;16m▀[0m[38;2;156;105;52m[48;2;58;21;4m▀[0m            [38;2;5;98;135m▀[0m   
 [38;2;43;10;1m[48;2;43;11;1m▀[0m[38;2;39;7;0m[48;2;47;8;0m▀[0m[38;2;191;93;0m[48;2;233;112;0m▀[0m [38;2;233;121;4m▄[0m[38;2;220;95;2m▄[0m [38;2;244;137;10m[48;2;246;148;12m▀[0m[38;2;251;137;9m[48;2;247;137;13m▀[0m[38;2;253;136;7m[48;2;250;137;13m▀[0m[38;2;252;137;7m[48;2;251;135;8m▀[0m[38;2;251;136;5m[48;2;250;134;3m▀[0m[38;2;251;135;5m[48;2;250;132;3m▀[0m[38;2;235;125;3m[48;2;214;112;7m▀[0m[38;2;222;111;2m▀[0m   [38;2;216;113;3m▀[0m[38;2;247;131;5m[48;2;217;119;11m▀[0m[38;2;252;134;6m[48;2;252;136;9m▀[0m[38;2;252;134;6m[48;2;251;133;4m▀[0m[38;2;251;132;6m[48;2;248;129;2m▀[0m[38;2;250;131;5m[48;2;248;130;4m▀[0m[38;2;221;116;5m[48;2;205;107;6m▀[0m  [38;2;39;7;1m[48;2;45;16;2m▀[0m[38;2;35;4;0m▀[0m               
  [38;2;85;27;0m[48;2;222;113;2m▀[0m[38;2;226;112;2m[48;2;251;131;4m▀[0m[38;2;246;135;9m[48;2;251;137;9m▀[0m[38;2;241;126;3m[48;2;252;167;66m▀[0m[38;2;244;135;17m[48;2;252;210;144m▀[0m[38;2;247;210;120m[48;2;243;212;160m▀[0m[38;2;76;56;34m▄[0m  [38;2;206;122;33m[48;2;150;116;82m▀[0m[38;2;250;170;66m[48;2;250;218;163m▀[0m[38;2;249;138;15m[48;2;250;210;150m▀[0m[38;2;208;105;11m[48;2;235;161;82m▀[0m[38;2;230;127;22m▄[0m[38;2;249;139;8m[48;2;248;131;5m▀[0m[38;2;222;117;6m[48;2;244;128;3m▀[0m[38;2;205;106;6m▄[0m[38;2;87;41;9m▄[0m[38;2;209;108;9m[48;2;208;107;5m▀[0m[38;2;251;136;8m[48;2;249;130;2m▀[0m[38;2;232;123;2m[48;2;238;130;5m▀[0m[38;2;43;8;0m▀[0m[38;2;225;120;8m[48;2;185;93;6m▀[0m[38;2;122;54;3m[48;2;233;124;5m▀[0m[38;2;35;6;0m[48;2;196;101;3m▀[0m [38;2;35;11;0m[48;2;36;6;0m▀[0m                
[38;2;36;7;0m▄[0m[38;2;59;20;0m▄[0m[38;2;249;133;7m[48;2;203;100;3m▀[0m[38;2;252;138;14m[48;2;251;156;53m▀[0m[38;2;252;174;80m[48;2;252;218;160m▀[0m[38;2;252;217;161m[48;2;252;220;164m▀[0m[38;2;246;214;161m[48;2;241;208;152m▀[0m[38;2;236;201;152m▀[0m[38;2;206;175;137m▀[0m [38;2;248;223;179m▀[0m[38;2;249;217;172m[48;2;251;228;181m▀[0m[38;2;236;205;159m[48;2;237;201;154m▀[0m[38;2;252;226;174m▀[0m[38;2;242;211;158m[48;2;237;206;155m▀[0m[38;2;251;202;128m[48;2;252;218;159m▀[0m[38;2;246;159;55m[48;2;252;212;149m▀[0m[38;2;245;132;5m[48;2;250;163;58m▀[0m[38;2;248;131;5m[48;2;250;136;11m▀[0m[38;2;248;129;3m[48;2;251;133;8m▀[0m[38;2;248;129;3m[48;2;251;134;9m▀[0m[38;2;250;131;5m[48;2;250;135;10m▀[0m[38;2;241;128;8m[48;2;250;133;5m▀[0m[38;2;224;119;10m[48;2;251;133;5m▀[0m[38;2;238;127;9m[48;2;249;134;7m▀[0m[38;2;250;135;4m[48;2;216;114;7m▀[0m[38;2;241;133;2m[48;2;136;62;2m▀[0m[38;2;186;100;3m▀[0m        [38;2;40;11;2m[48;2;36;9;1m▀[0m[38;2;38;9;0m[48;2;35;9;2m▀[0m  [38;2;35;6;0m[48;2;36;9;2m▀[0m    
 [38;2;44;13;2m▀[0m[38;2;56;15;1m▀[0m[38;2;235;146;43m▀[0m[38;2;251;212;147m[48;2;217;176;119m▀[0m[38;2;252;218;160m[48;2;250;218;165m▀[0m[38;2;249;217;163m[48;2;250;221;172m▀[0m[38;2;236;208;158m[48;2;242;218;177m▀[0m[38;2;216;178;132m▄[0m[38;2;247;76;63m[48;2;242;63;54m▀[0m[38;2;188;27;16m[48;2;245;57;43m▀[0m[38;2;237;54;45m▄[0m[38;2;40;25;9m▄[0m[38;2;248;222;171m[48;2;247;213;159m▀[0m[38;2;250;220;169m[48;2;253;221;167m▀[0m[38;2;253;221;167m[48;2;252;222;170m▀[0m[38;2;253;222;170m[48;2;252;221;170m▀[0m[38;2;251;192;111m[48;2;252;216;156m▀[0m[38;2;251;137;12m[48;2;249;158;51m▀[0m[38;2;251;135;11m[48;2;247;130;5m▀[0m[38;2;206;107;6m[48;2;174;85;2m▀[0m[38;2;124;59;4m[48;2;46;12;0m▀[0m[38;2;224;112;6m[48;2;216;102;7m▀[0m[38;2;249;129;2m[48;2;247;128;3m▀[0m[38;2;243;129;5m[48;2;242;130;5m▀[0m[38;2;94;35;2m[48;2;209;108;1m▀[0m[38;2;42;7;0m[48;2;93;36;0m▀[0m[38;2;37;6;0m[48;2;42;8;0m▀[0m[38;2;39;10;1m▄[0m    [38;2;40;17;11m[48;2;39;9;1m▀[0m[38;2;40;9;2m[48;2;60;26;15m▀[0m[38;2;206;178;137m▄[0m[38;2;190;165;132m[48;2;238;209;161m▀[0m[38;2;234;205;158m[48;2;251;219;166m▀[0m[38;2;237;209;163m[48;2;252;220;168m▀[0m[38;2;236;207;161m[48;2;252;219;167m▀[0m[38;2;229;201;155m[48;2;246;217;168m▀[0m[38;2;170;143;113m▄[0m[38;2;37;4;0m[48;2;39;7;2m▀[0m[38;2;35;7;2m▀[0m 
  [38;2;41;21;9m▀[0m[38;2;35;7;0m▄[0m[38;2;76;42;23m[48;2;42;9;0m▀[0m[38;2;246;220;180m[48;2;38;13;6m▀[0m[38;2;243;217;172m[48;2;224;204;159m▀[0m[38;2;249;223;174m[48;2;248;226;168m▀[0m[38;2;197;168;126m[48;2;228;199;151m▀[0m[38;2;212;186;143m▄[0m[38;2;206;62;45m▀[0m[38;2;125;30;20m[48;2;225;192;145m▀[0m[38;2;236;212;165m[48;2;250;220;168m▀[0m[38;2;250;218;165m[48;2;252;220;167m▀[0m[38;2;252;220;166m[48;2;252;220;167m▀[0m[38;2;252;220;169m[48;2;252;220;167m▀[0m[38;2;252;222;172m[48;2;252;205;137m▀[0m[38;2;251;205;140m[48;2;250;161;57m▀[0m[38;2;250;155;46m[48;2;251;136;10m▀[0m[38;2;245;130;4m[48;2;250;135;9m▀[0m[38;2;230;118;3m[48;2;248;132;6m▀[0m[38;2;217;109;4m[48;2;245;129;3m▀[0m[38;2;238;127;8m[48;2;202;104;7m▀[0m[38;2;249;134;8m[48;2;163;79;4m▀[0m[38;2;172;85;2m[48;2;75;23;0m▀[0m[38;2;209;110;1m▀[0m [38;2;35;7;0m▀[0m    [38;2;45;34;26m▀[0m [38;2;194;165;127m[48;2;169;204;184m▀[0m[38;2;249;220;167m[48;2;128;203;201m▀[0m[38;2;250;222;171m[48;2;137;208;203m▀[0m[38;2;251;222;170m[48;2;201;218;190m▀[0m[38;2;252;221;170m[48;2;251;223;174m▀[0m[38;2;252;221;170m[48;2;252;221;168m▀[0m[38;2;251;222;173m[48;2;251;219;165m▀[0m[38;2;235;207;160m[48;2;248;216;161m▀[0m   
    [38;2;36;3;0m▀[0m  [38;2;43;8;0m▄[0m[38;2;214;194;154m[48;2;42;7;0m▀[0m[38;2;251;233;186m[48;2;37;9;3m▀[0m[38;2;241;212;167m[48;2;222;195;152m▀[0m[38;2;251;220;169m[48;2;251;220;170m▀[0m[38;2;251;219;164m[48;2;252;219;167m▀[0m[38;2;252;219;165m[48;2;252;220;167m▀[0m[38;2;252;220;167m[48;2;252;220;169m▀[0m[38;2;252;212;149m[48;2;251;192;113m▀[0m[38;2;249;167;71m[48;2;250;134;6m▀[0m[38;2;247;129;4m[48;2;251;134;9m▀[0m[38;2;250;133;6m[48;2;249;136;11m▀[0m[38;2;252;142;11m▀[0m[38;2;253;147;12m[48;2;36;3;0m▀[0m[38;2;246;139;8m[48;2;38;5;0m▀[0m[38;2;148;75;8m[48;2;36;6;0m▀[0m[38;2;38;6;0m[48;2;35;7;0m▀[0m[38;2;42;8;0m▀[0m[38;2;48;15;1m▀[0m     [38;2;36;8;1m▀[0m [38;2;136;211;217m[48;2;2;192;237m▀[0m[38;2;68;198;228m[48;2;1;191;244m▀[0m[38;2;1;189;242m[48;2;0;196;249m▀[0m[38;2;3;191;244m[48;2;0;196;250m▀[0m[38;2;83;206;226m[48;2;3;194;246m▀[0m[38;2;189;216;194m[48;2;44;198;234m▀[0m[38;2;251;222;171m[48;2;158;209;195m▀[0m[38;2;243;212;157m[48;2;234;211;164m▀[0m[38;2;243;216;163m▀[0m   
       [38;2;69;46;29m▀[0m [38;2;237;209;163m▄[0m[38;2;225;195;147m[48;2;250;218;162m▀[0m[38;2;251;218;164m[48;2;252;220;165m▀[0m[38;2;252;219;164m[48;2;252;220;165m▀[0m[38;2;253;220;165m[48;2;252;219;164m▀[0m[38;2;252;221;168m[48;2;252;217;157m▀[0m[38;2;252;196;119m[48;2;251;186;98m▀[0m[38;2;252;138;11m[48;2;252;141;13m▀[0m[38;2;252;137;9m[48;2;248;135;10m▀[0m[38;2;249;135;8m[48;2;238;126;6m▀[0m[38;2;242;127;9m[48;2;243;129;4m▀[0m[38;2;238;113;0m[48;2;243;131;5m▀[0m[38;2;40;5;0m[48;2;206;106;9m▀[0m         [38;2;39;8;1m[48;2;39;7;0m▀[0m[38;2;35;8;4m[48;2;37;9;3m▀[0m[38;2;2;185;234m[48;2;2;173;213m▀[0m[38;2;1;163;214m▀[0m[38;2;1;189;245m▀[0m[38;2;2;190;245m▀[0m[38;2;5;163;213m[48;2;22;46;65m▀[0m[38;2;1;185;239m[48;2;0;184;240m▀[0m[38;2;9;125;156m▀[0m [38;2;39;7;0m▀[0m   
         [38;2;243;216;172m[48;2;237;215;176m▀[0m[38;2;251;221;171m[48;2;251;223;175m▀[0m[38;2;252;222;170m[48;2;253;223;171m▀[0m[38;2;252;221;171m[48;2;252;223;172m▀[0m[38;2;252;222;170m[48;2;253;226;175m▀[0m[38;2;251;198;120m[48;2;250;166;65m▀[0m[38;2;248;135;9m[48;2;249;131;7m▀[0m[38;2;251;137;10m[48;2;249;132;7m▀[0m[38;2;175;87;6m[48;2;184;92;6m▀[0m [38;2;222;127;8m▀[0m[38;2;249;134;5m[48;2;249;135;8m▀[0m[38;2;240;125;4m[48;2;250;131;5m▀[0m[38;2;225;117;4m[48;2;247;132;5m▀[0m[38;2;243;128;7m▄[0m[38;2;181;89;5m▄[0m[38;2;37;8;0m[48;2;44;9;0m▀[0m[38;2;45;20;3m[48;2;42;10;0m▀[0m       [38;2;39;7;1m[48;2;165;80;2m▀[0m[38;2;39;4;0m[48;2;201;108;6m▀[0m[38;2;36;3;0m[48;2;181;93;4m▀[0m[38;2;35;7;0m▄[0m       
       [38;2;36;8;1m[48;2;36;7;0m▀[0m[38;2;38;9;2m▀[0m [38;2;232;204;158m[48;2;110;84;63m▀[0m[38;2;252;222;170m[48;2;250;225;182m▀[0m[38;2;253;223;171m[48;2;250;223;179m▀[0m[38;2;252;205;135m[48;2;201;151;95m▀[0m[38;2;250;143;24m[48;2;86;36;3m▀[0m[38;2;249;132;6m[48;2;249;136;11m▀[0m[38;2;249;131;6m[48;2;251;134;8m▀[0m[38;2;230;119;7m[48;2;249;133;7m▀[0m[38;2;161;73;3m[48;2;244;129;7m▀[0m[38;2;203;103;2m[48;2;247;131;5m▀[0m[38;2;249;132;3m[48;2;251;135;7m▀[0m[38;2;250;135;8m[48;2;250;136;10m▀[0m[38;2;169;85;3m[48;2;167;80;2m▀[0m[38;2;118;56;2m[48;2;36;10;0m▀[0m[38;2;197;101;7m[48;2;218;111;2m▀[0m[38;2;177;88;3m[48;2;242;131;3m▀[0m[38;2;53;12;0m▄[0m [38;2;35;10;0m▄[0m   [38;2;35;8;0m[48;2;37;7;0m▀[0m[38;2;39;8;1m▀[0m[38;2;237;125;2m[48;2;206;107;3m▀[0m[38;2;247;133;3m[48;2;232;121;3m▀[0m[38;2;244;132;3m[48;2;247;134;6m▀[0m[38;2;206;111;2m[48;2;192;102;3m▀[0m[38;2;35;5;0m[48;2;39;7;0m▀[0m      
         [38;2;90;32;1m[48;2;213;115;4m▀[0m[38;2;68;16;0m▄[0m[38;2;216;179;133m▀[0m[38;2;247;215;168m[48;2;234;191;146m▀[0m[38;2;197;155;110m[48;2;204;164;120m▀[0m [38;2;248;135;8m[48;2;248;136;10m▀[0m[38;2;252;138;8m[48;2;238;131;9m▀[0m[38;2;251;138;11m[48;2;158;81;8m▀[0m[38;2;250;136;10m[48;2;167;85;7m▀[0m[38;2;250;136;7m[48;2;249;132;6m▀[0m[38;2;250;136;7m[48;2;246;132;5m▀[0m[38;2;179;94;6m▀[0m[38;2;201;103;4m[48;2;67;22;0m▀[0m[38;2;199;98;5m[48;2;36;5;0m▀[0m[38;2;237;122;3m[48;2;235;123;4m▀[0m[38;2;249;134;3m[48;2;249;134;5m▀[0m[38;2;158;76;4m[48;2;246;136;9m▀[0m[38;2;61;16;0m[48;2;134;56;3m▀[0m[38;2;38;7;0m[48;2;42;7;0m▀[0m[38;2;60;30;4m▄[0m  [38;2;43;8;0m▄[0m[38;2;43;8;0m▄[0m[38;2;65;17;0m▄[0m[38;2;142;64;2m▄[0m[38;2;248;135;8m[48;2;246;130;3m▀[0m[38;2;168;85;2m[48;2;197;103;3m▀[0m[38;2;43;8;0m[48;2;40;6;0m▀[0m[38;2;35;7;0m[48;2;38;8;0m▀[0m     
        [38;2;41;8;0m▀[0m[38;2;210;114;9m[48;2;218;116;3m▀[0m[38;2;241;132;7m[48;2;247;133;3m▀[0m[38;2;128;60;7m[48;2;221;118;7m▀[0m[38;2;107;48;4m▄[0m[38;2;39;7;0m▄[0m [38;2;248;139;15m[48;2;247;134;3m▀[0m[38;2;213;115;9m[48;2;245;131;7m▀[0m[38;2;51;14;0m[48;2;227;118;8m▀[0m[38;2;69;23;0m[48;2;237;127;10m▀[0m[38;2;245;129;4m[48;2;239;130;9m▀[0m[38;2;229;122;5m[48;2;75;22;0m▀[0m[38;2;37;9;0m▀[0m[38;2;96;34;0m[48;2;213;108;5m▀[0m[38;2;246;130;5m[48;2;244;128;3m▀[0m[38;2;247;130;5m[48;2;215;111;1m▀[0m[38;2;223;118;5m▀[0m[38;2;239;130;3m▀[0m[38;2;219;117;3m[48;2;236;131;3m▀[0m[38;2;180;95;2m▄[0m [38;2;36;6;0m▀[0m[38;2;40;10;0m[48;2;44;8;0m▀[0m[38;2;43;8;0m[48;2;84;32;1m▀[0m[38;2;233;127;8m▄[0m[38;2;243;128;4m[48;2;250;136;8m▀[0m[38;2;249;131;1m[48;2;250;136;8m▀[0m[38;2;247;130;1m[48;2;200;104;4m▀[0m[38;2;206;110;4m[48;2;192;106;3m▀[0m       
     [38;2;37;6;0m[48;2;35;5;0m▀[0m[38;2;80;28;0m[48;2;156;73;0m▀[0m[38;2;58;17;0m▀[0m[38;2;39;6;0m▄[0m[38;2;242;129;1m[48;2;213;114;5m▀[0m[38;2;248;133;2m[48;2;246;132;6m▀[0m[38;2;249;138;11m[48;2;250;138;10m▀[0m[38;2;190;101;12m[48;2;225;122;9m▀[0m[38;2;43;6;0m[48;2;41;6;0m▀[0m[38;2;74;27;1m▄[0m[38;2;248;136;5m[48;2;235;128;8m▀[0m[38;2;251;134;3m[48;2;242;129;5m▀[0m[38;2;251;133;6m[48;2;250;131;3m▀[0m[38;2;249;136;10m[48;2;249;132;5m▀[0m[38;2;206;112;8m[48;2;229;127;6m▀[0m[38;2;43;7;0m[48;2;39;7;0m▀[0m[38;2;111;47;1m[48;2;46;10;0m▀[0m[38;2;234;122;4m[48;2;176;90;4m▀[0m[38;2;244;129;4m[48;2;242;132;9m▀[0m[38;2;223;116;5m[48;2;244;133;9m▀[0m[38;2;90;36;4m[48;2;249;139;14m▀[0m[38;2;37;11;0m[48;2;250;142;16m▀[0m[38;2;249;141;11m[48;2;250;140;13m▀[0m[38;2;240;136;5m[48;2;207;109;5m▀[0m[38;2;35;6;0m▄[0m [38;2;115;49;2m[48;2;237;125;3m▀[0m[38;2;103;44;2m▀[0m [38;2;251;138;9m[48;2;244;129;2m▀[0m[38;2;240;133;10m[48;2;233;126;4m▀[0m[38;2;148;74;5m▀[0m        
     [38;2;43;15;5m▄[0m[38;2;38;5;0m▀[0m[38;2;48;10;0m[48;2;39;11;2m▀[0m[38;2;42;9;1m[48;2;165;126;90m▀[0m[38;2;63;23;2m[48;2;187;144;103m▀[0m[38;2;106;45;3m[48;2;180;138;87m▀[0m[38;2;248;137;6m[48;2;237;143;31m▀[0m[38;2;199;97;2m▀[0m  [38;2;36;7;0m[48;2;158;115;75m▀[0m[38;2;187;122;58m▄[0m[38;2;250;136;8m[48;2;250;156;40m▀[0m[38;2;249;133;6m[48;2;248;139;14m▀[0m[38;2;235;133;7m[48;2;204;112;10m▀[0m [38;2;38;8;0m▀[0m[38;2;60;19;0m▀[0m[38;2;40;5;0m▀[0m [38;2;233;128;4m▀[0m[38;2;249;134;4m[48;2;235;128;9m▀[0m[38;2;249;134;6m[48;2;247;132;4m▀[0m[38;2;204;105;3m[48;2;217;114;2m▀[0m[38;2;40;8;0m▄[0m[38;2;86;34;0m▄[0m[38;2;241;126;2m[48;2;247;133;4m▀[0m[38;2;238;125;2m[48;2;240;126;1m▀[0m[38;2;240;126;2m[48;2;217;111;2m▀[0m[38;2;209;105;3m[48;2;35;7;0m▀[0m[38;2;40;7;1m[48;2;39;7;0m▀[0m[38;2;39;8;0m▄[0m        
   [38;2;59;26;15m[48;2;102;73;49m▀[0m[38;2;219;191;153m[48;2;238;217;175m▀[0m [38;2;107;77;57m▄[0m[38;2;170;142;111m[48;2;243;216;171m▀[0m[38;2;249;224;180m[48;2;253;236;182m▀[0m[38;2;250;224;178m[48;2;246;220;176m▀[0m[38;2;248;219;172m[48;2;243;214;168m▀[0m[38;2;247;198;137m▀[0m [38;2;83;53;34m[48;2;247;224;180m▀[0m[38;2;210;182;138m[48;2;238;212;167m▀[0m[38;2;251;220;164m[48;2;233;205;154m▀[0m[38;2;252;221;166m[48;2;252;222;166m▀[0m[38;2;251;212;150m[48;2;250;223;176m▀[0m[38;2;247;190;119m[48;2;240;217;186m▀[0m[38;2;94;47;16m▀[0m[38;2;35;8;1m[48;2;39;12;5m▀[0m[38;2;222;199;164m▄[0m[38;2;222;191;145m[48;2;236;209;165m▀[0m[38;2;251;217;162m[48;2;252;226;168m▀[0m[38;2;251;219;168m[48;2;251;217;161m▀[0m[38;2;251;232;181m[48;2;252;220;164m▀[0m[38;2;244;154;50m[48;2;251;210;147m▀[0m[38;2;248;136;8m[48;2;249;153;34m▀[0m[38;2;242;136;4m[48;2;241;137;4m▀[0m [38;2;36;7;0m▀[0m[38;2;78;30;1m[48;2;37;7;0m▀[0m[38;2;35;7;0m▄[0m            
   [38;2;101;73;53m▀[0m[38;2;251;236;192m[48;2;36;10;5m▀[0m[38;2;38;6;1m▄[0m[38;2;118;87;65m[48;2;35;9;3m▀[0m[38;2;229;207;168m▀[0m [38;2;234;211;168m▀[0m[38;2;248;223;175m▀[0m [38;2;37;6;0m▄[0m[38;2;245;226;187m[48;2;39;12;7m▀[0m[38;2;161;128;99m[48;2;74;41;29m▀[0m[38;2;151;122;93m[48;2;71;43;31m▀[0m[38;2;249;224;175m▀[0m[38;2;217;191;150m▀[0m  [38;2;38;12;5m[48;2;38;6;0m▀[0m[38;2;220;200;169m[48;2;35;12;6m▀[0m[38;2;237;221;185m▀[0m [38;2;248;221;173m[48;2;35;12;6m▀[0m[38;2;250;221;173m[48;2;36;12;6m▀[0m[38;2;246;200;131m▀[0m[38;2;222;132;22m▀[0m [38;2;38;7;0m▀[0m[38;2;39;8;0m▀[0m              
             [38;2;35;7;0m▀[0m           [38;2;37;6;0m▀[0m[38;2;36;7;0m▀[0m                  
