
  [10] sniffing
    [38;2;37;8;0m[48;2;49;14;5m▀[0m[38;2;193;104;9m▄[0m[38;2;146;66;2m[48;2;237;128;2m▀[0m[38;2;138;63;7m[48;2;242;130;2m▀[0m[38;2;147;67;6m[48;2;247;135;5m▀[0m[38;2;74;27;1m[48;2;110;49;3m▀[0m[38;2;36;8;0m▀[0m           [38;2;37;6;0m[48;2;72;27;2m▀[0m[38;2;36;6;0m[48;2;35;6;0m▀[0m [38;2;44;24;9m▄[0m                   
  [38;2;42;7;1m▄[0m [38;2;133;98;72m[48;2;244;211;163m▀[0m[38;2;246;193;108m[48;2;250;216;163m▀[0m[38;2;157;94;32m[48;2;249;220;163m▀[0m[38;2;200;110;6m▀[0m[38;2;242;131;3m[48;2;221;119;7m▀[0m[38;2;242;130;1m[48;2;149;72;1m▀[0m[38;2;156;65;1m[48;2;96;37;1m▀[0m[38;2;41;8;0m▄[0m[38;2;36;8;0m▀[0m    [38;2;55;23;1m▄[0m[38;2;40;9;0m▄[0m[38;2;39;5;0m[48;2;117;56;5m▀[0m[38;2;234;128;7m▄[0m[38;2;233;128;3m[48;2;250;137;6m▀[0m[38;2;244;132;5m[48;2;248;131;2m▀[0m[38;2;241;130;6m[48;2;247;130;4m▀[0m[38;2;248;134;7m▄[0m[38;2;39;7;0m▀[0m[38;2;38;8;1m▀[0m                  
  [38;2;38;7;0m▀[0m [38;2;247;219;174m[48;2;245;215;172m▀[0m[38;2;238;206;160m[48;2;175;145;112m▀[0m[38;2;249;225;172m▀[0m [38;2;237;129;7m▄[0m[38;2;238;125;2m▄[0m[38;2;249;136;6m▄[0m[38;2;213;116;9m▄[0m[38;2;41;10;0m[48;2;47;11;0m▀[0m[38;2;182;92;3m▄[0m[38;2;245;131;4m▄[0m[38;2;188;91;5m▄[0m[38;2;134;52;1m▄[0m[38;2;36;7;0m▀[0m[38;2;158;77;4m▄[0m[38;2;231;127;7m[48;2;247;134;2m▀[0m[38;2;251;139;10m[48;2;238;130;8m▀[0m[38;2;248;134;10m[48;2;37;8;0m▀[0m[38;2;125;53;3m[48;2;123;90;51m▀[0m[38;2;106;47;8m[48;2;135;106;76m▀[0m[38;2;245;171;81m[48;2;250;219;169m▀[0m[38;2;110;56;9m[48;2;249;216;162m▀[0m                   
  [38;2;35;5;0m▀[0m[38;2;36;8;1m[48;2;36;8;0m▀[0m[38;2;73;26;1m▄[0m[38;2;182;93;3m▄[0m[38;2;142;64;4m[48;2;117;51;2m▀[0m[38;2;246;130;6m[48;2;203;103;6m▀[0m[38;2;244;129;4m[48;2;247;136;12m▀[0m[38;2;240;127;2m[48;2;35;11;0m▀[0m[38;2;200;104;3m[48;2;79;31;1m▀[0m[38;2;240;128;5m[48;2;247;130;1m▀[0m[38;2;251;138;7m[48;2;250;131;3m▀[0m[38;2;242;129;4m[48;2;240;130;5m▀[0m[38;2;248;132;5m[48;2;108;47;2m▀[0m[38;2;249;133;6m[48;2;246;130;3m▀[0m[38;2;244;131;6m[48;2;251;134;3m▀[0m[38;2;149;69;6m[48;2;252;135;5m▀[0m[38;2;203;106;4m[48;2;249;137;10m▀[0m[38;2;239;128;1m[48;2;60;19;1m▀[0m[38;2;209;106;6m▀[0m[38;2;38;17;4m[48;2;237;206;158m▀[0m[38;2;248;220;169m[48;2;251;214;149m▀[0m[38;2;251;216;163m[48;2;253;216;155m▀[0m[38;2;251;217;163m[48;2;252;217;163m▀[0m[38;2;250;216;163m[48;2;250;219;170m▀[0m [38;2;36;7;1m▄[0m              [38;2;38;7;1m▄[0m  
  [38;2;49;27;9m▀[0m[38;2;183;95;5m▄[0m[38;2;199;102;5m[48;2;239;128;5m▀[0m[38;2;236;127;5m[48;2;249;133;7m▀[0m[38;2;143;70;6m[48;2;248;132;8m▀[0m[38;2;227;119;7m[48;2;250;132;4m▀[0m[38;2;249;135;9m[48;2;250;132;3m▀[0m[38;2;124;54;3m[48;2;249;134;6m▀[0m[38;2;221;115;5m[48;2;250;135;7m▀[0m[38;2;249;132;3m[48;2;250;135;5m▀[0m[38;2;248;132;4m[48;2;250;136;7m▀[0m[38;2;76;32;2m[48;2;165;78;8m▀[0m[38;2;38;10;0m[48;2;144;64;5m▀[0m[38;2;207;108;7m[48;2;239;128;8m▀[0m[38;2;251;137;8m[48;2;251;136;6m▀[0m[38;2;253;137;7m[48;2;252;135;6m▀[0m[38;2;251;138;13m[48;2;252;136;8m▀[0m[38;2;166;85;10m[48;2;250;138;13m▀[0m[38;2;58;14;0m[48;2;229;119;10m▀[0m[38;2;171;127;82m▀[0m[38;2;238;169;78m[48;2;227;136;40m▀[0m[38;2;252;211;144m[48;2;251;214;158m▀[0m[38;2;252;218;162m[48;2;251;221;171m▀[0m[38;2;245;211;160m[48;2;100;68;44m▀[0m [38;2;35;7;1m▀[0m         [38;2;43;18;7m[48;2;35;7;1m▀[0m[38;2;39;5;0m[48;2;220;191;148m▀[0m[38;2;248;223;178m▄[0m[38;2;249;226;182m▄[0m[38;2;247;226;182m▄[0m[38;2;41;8;1m▀[0m  
  [38;2;114;48;0m[48;2;37;8;0m▀[0m[38;2;42;96;117m▄[0m[38;2;7;127;172m▄[0m[38;2;244;133;9m▀[0m[38;2;249;133;6m[48;2;244;128;2m▀[0m[38;2;250;133;4m[48;2;249;132;3m▀[0m[38;2;250;134;4m[48;2;251;135;5m▀[0m[38;2;251;135;5m[48;2;251;136;7m▀[0m[38;2;251;136;6m[48;2;252;137;8m▀[0m[38;2;251;137;6m[48;2;252;139;10m▀[0m[38;2;251;139;7m[48;2;244;137;10m▀[0m[38;2;251;140;10m▀[0m[38;2;250;140;12m▀[0m[38;2;251;140;8m[48;2;141;68;2m▀[0m[38;2;251;136;5m[48;2;247;135;6m▀[0m[38;2;250;134;5m[48;2;251;135;5m▀[0m[38;2;251;134;5m[48;2;251;135;6m▀[0m[38;2;251;134;5m[48;2;250;135;6m▀[0m[38;2;247;134;7m[48;2;250;135;7m▀[0m[38;2;242;131;12m▄[0m[38;2;247;151;32m▀[0m[38;2;248;169;64m▀[0m[38;2;118;65;18m▀[0m[38;2;70;38;24m▀[0m[38;2;38;8;0m▀[0m        [38;2;37;6;0m▀[0m[38;2;216;190;151m▄[0m[38;2;245;229;180m[48;2;249;224;176m▀[0m[38;2;238;207;154m[48;2;250;221;170m▀[0m[38;2;251;221;169m[48;2;252;221;167m▀[0m[38;2;252;223;173m[48;2;252;221;166m▀[0m[38;2;250;221;172m[48;2;252;221;166m▀[0m[38;2;243;216;166m[48;2;248;220;172m▀[0m[38;2;89;63;39m[48;2;97;73;49m▀[0m[38;2;37;7;1m▄[0m
   [38;2;13;186;240m▀[0m[38;2;61;161;188m▀[0m [38;2;243;129;3m[48;2;245;134;8m▀[0m[38;2;250;133;5m[48;2;251;135;6m▀[0m[38;2;251;135;6m[48;2;251;135;5m▀[0m[38;2;251;136;7m[48;2;250;134;5m▀[0m[38;2;251;136;8m[48;2;248;133;3m▀[0m[38;2;246;135;11m[48;2;160;83;3m▀[0m[38;2;160;90;8m▀[0m[38;2;29;228;249m▄[0m[38;2;4;84;126m[48;2;66;191;219m▀[0m[38;2;13;159;205m▄[0m[38;2;211;121;19m▀[0m[38;2;249;137;8m[48;2;245;136;8m▀[0m[38;2;251;137;8m[48;2;249;137;9m▀[0m[38;2;251;137;7m[48;2;250;136;6m▀[0m[38;2;251;137;8m[48;2;249;133;4m▀[0m[38;2;250;137;9m[48;2;232;122;3m▀[0m[38;2;121;57;1m▀[0m  [38;2;36;20;9m▀[0m        [38;2;37;8;1m▀[0m[38;2;49;20;9m[48;2;86;202;221m▀[0m[38;2;188;213;197m[48;2;50;196;236m▀[0m[38;2;119;205;216m[48;2;2;189;249m▀[0m[38;2;114;199;209m[48;2;1;185;245m▀[0m[38;2;214;215;178m[48;2;72;195;219m▀[0m[38;2;252;222;168m[48;2;190;215;194m▀[0m[38;2;252;221;168m[48;2;248;222;174m▀[0m[38;2;248;219;170m[48;2;193;162;120m▀[0m[38;2;87;62;40m[48;2;40;20;12m▀[0m 
[38;2;82;32;0m▄[0m[38;2;121;49;2m[48;2;210;116;7m▀[0m   [38;2;135;66;3m[48;2;95;53;24m▀[0m[38;2;247;139;11m[48;2;67;25;4m▀[0m[38;2;251;136;6m[48;2;111;55;7m▀[0m[38;2;250;135;5m[48;2;240;140;19m▀[0m[38;2;250;134;4m[48;2;251;139;13m▀[0m[38;2;247;132;3m[48;2;249;136;12m▀[0m[38;2;41;15;0m[48;2;54;21;0m▀[0m   [38;2;6;176;243m[48;2;2;179;244m▀[0m [38;2;247;138;6m[48;2;241;135;5m▀[0m[38;2;248;134;5m[48;2;249;135;8m▀[0m[38;2;193;99;4m[48;2;148;71;3m▀[0m[38;2;218;113;9m[48;2;41;12;0m▀[0m[38;2;219;115;5m[48;2;225;120;7m▀[0m[38;2;43;8;0m[48;2;242;129;1m▀[0m            [38;2;0;182;233m[48;2;1;180;230m▀[0m[38;2;0;183;241m▀[0m[38;2;0;187;243m▀[0m[38;2;1;190;247m▀[0m[38;2;1;191;249m[48;2;2;183;243m▀[0m[38;2;56;195;227m[48;2;2;182;245m▀[0m[38;2;116;203;210m▀[0m[38;2;139;110;74m▀[0m[38;2;36;7;0m▀[0m 
[38;2;95;42;0m[48;2;112;47;0m▀[0m[38;2;245;132;6m[48;2;248;139;16m▀[0m[38;2;231;123;14m[48;2;252;169;64m▀[0m[38;2;148;95;47m[48;2;252;212;150m▀[0m[38;2;179;147;106m[48;2;250;218;166m▀[0m[38;2;172;141;105m▄[0m [38;2;170;136;99m▄[0m[38;2;218;184;130m[48;2;249;219;169m▀[0m[38;2;251;204;132m[48;2;251;224;175m▀[0m[38;2;249;170;71m[48;2;251;218;164m▀[0m[38;2;53;21;2m[48;2;236;201;143m▀[0m   [38;2;0;177;236m[48;2;4;91;110m▀[0m[38;2;163;80;1m▄[0m[38;2;243;137;8m[48;2;243;133;10m▀[0m[38;2;250;134;8m[48;2;250;132;5m▀[0m[38;2;211;109;7m[48;2;250;130;4m▀[0m[38;2;169;86;8m[48;2;250;133;4m▀[0m[38;2;238;130;12m[48;2;250;135;7m▀[0m[38;2;246;132;6m[48;2;225;114;5m▀[0m[38;2;179;87;1m[48;2;56;15;0m▀[0m [38;2;38;8;0m▀[0m          [38;2;195;103;6m▄[0m[38;2;197;94;6m▄[0m[38;2;146;59;0m▄[0m      
[38;2;37;10;0m▄[0m[38;2;217;126;38m▀[0m[38;2;252;200;119m[48;2;215;179;130m▀[0m[38;2;251;218;161m[48;2;241;211;162m▀[0m[38;2;245;219;169m[48;2;244;216;168m▀[0m[38;2;114;91;63m▀[0m[38;2;225;194;150m▄[0m[38;2;175;145;112m▀[0m[38;2;239;211;168m▀[0m[38;2;248;215;159m▄[0m[38;2;251;217;163m[48;2;251;217;160m▀[0m[38;2;251;216;160m[48;2;252;218;164m▀[0m[38;2;236;197;141m[48;2;251;219;165m▀[0m[38;2;171;96;33m[48;2;249;197;125m▀[0m[38;2;195;95;7m[48;2;250;151;39m▀[0m[38;2;149;87;11m[48;2;249;131;9m▀[0m[38;2;225;118;6m[48;2;250;130;5m▀[0m[38;2;244;131;9m[48;2;221;116;5m▀[0m[38;2;198;98;4m[48;2;41;9;0m▀[0m[38;2;209;105;3m▀[0m[38;2;247;129;1m[48;2;247;130;4m▀[0m[38;2;220;111;5m[48;2;242;128;4m▀[0m[38;2;240;144;10m▄[0m[38;2;44;10;0m[48;2;73;28;2m▀[0m[38;2;37;7;0m▄[0m[38;2;36;11;0m▀[0m        [38;2;38;7;0m▄[0m [38;2;232;125;6m[48;2;233;125;6m▀[0m[38;2;247;133;6m[48;2;247;133;6m▀[0m[38;2;234;122;6m[48;2;248;133;6m▀[0m      
  [38;2;41;11;2m▀[0m[38;2;173;146;113m▀[0m[38;2;220;190;146m▀[0m[38;2;246;211;154m[48;2;172;142;105m▀[0m[38;2;250;217;161m[48;2;191;159;119m▀[0m[38;2;236;207;159m[48;2;251;221;171m▀[0m[38;2;230;201;153m[48;2;252;220;166m▀[0m[38;2;251;218;162m[48;2;252;219;165m▀[0m[38;2;252;219;165m[48;2;252;220;166m▀[0m[38;2;252;220;167m[48;2;252;219;166m▀[0m[38;2;252;219;168m[48;2;252;219;166m▀[0m[38;2;252;219;168m[48;2;252;218;162m▀[0m[38;2;250;180;91m[48;2;252;215;155m▀[0m[38;2;250;140;18m[48;2;248;156;50m▀[0m[38;2;251;134;8m[48;2;249;133;6m▀[0m[38;2;246;134;12m[48;2;250;134;7m▀[0m[38;2;223;120;12m[48;2;249;132;4m▀[0m[38;2;232;123;9m[48;2;238;127;6m▀[0m[38;2;250;135;6m[48;2;166;85;6m▀[0m[38;2;244;138;9m[48;2;95;41;2m▀[0m             [38;2;36;7;0m▀[0m[38;2;38;3;0m▀[0m[38;2;236;125;5m[48;2;240;128;6m▀[0m[38;2;246;133;5m[48;2;248;135;7m▀[0m[38;2;35;6;0m▄[0m[38;2;37;7;0m[48;2;36;7;0m▀[0m    
   [38;2;35;8;3m▀[0m[38;2;45;15;5m▀[0m[38;2;45;11;2m▀[0m[38;2;39;9;3m▀[0m[38;2;245;226;181m▀[0m[38;2;247;222;169m▀[0m[38;2;229;198;151m[48;2;40;9;1m▀[0m[38;2;251;222;174m[48;2;102;73;55m▀[0m[38;2;252;221;170m[48;2;249;224;178m▀[0m[38;2;252;220;168m[48;2;252;221;170m▀[0m[38;2;252;219;163m[48;2;252;221;168m▀[0m[38;2;251;183;93m[48;2;251;188;107m▀[0m[38;2;249;138;17m[48;2;250;145;29m▀[0m[38;2;250;135;8m[48;2;250;134;9m▀[0m[38;2;249;133;5m[48;2;247;131;4m▀[0m[38;2;228;121;5m[48;2;222;118;7m▀[0m [38;2;35;5;0m▀[0m[38;2;46;10;0m▄[0m  [38;2;36;7;0m▀[0m   [38;2;35;6;0m▀[0m  [38;2;64;31;1m▄[0m[38;2;67;29;0m▄[0m[38;2;39;8;0m[48;2;40;8;0m▀[0m[38;2;37;7;0m[48;2;116;50;1m▀[0m[38;2;231;122;5m▄[0m[38;2;245;126;3m[48;2;248;129;1m▀[0m[38;2;248;131;5m[48;2;227;119;2m▀[0m[38;2;242;129;4m▀[0m      
       [38;2;40;29;21m▀[0m[38;2;46;16;6m[48;2;38;8;1m▀[0m [38;2;242;213;163m▄[0m[38;2;249;219;167m[48;2;251;220;166m▀[0m[38;2;252;220;167m[48;2;251;220;168m▀[0m[38;2;252;220;170m[48;2;252;219;166m▀[0m[38;2;252;220;171m[48;2;252;217;158m▀[0m[38;2;249;169;77m[48;2;249;168;70m▀[0m[38;2;249;131;6m[48;2;249;134;9m▀[0m[38;2;249;132;5m[48;2;245;133;9m▀[0m[38;2;246;131;6m[48;2;195;100;7m▀[0m[38;2;247;132;7m[48;2;247;131;7m▀[0m[38;2;240;127;8m[48;2;250;131;4m▀[0m[38;2;249;129;2m▄[0m[38;2;225;121;3m[48;2;239;125;4m▀[0m[38;2;244;130;4m[48;2;246;132;7m▀[0m[38;2;239;127;3m[48;2;240;126;3m▀[0m[38;2;248;132;3m▄[0m[38;2;147;70;3m[48;2;250;137;4m▀[0m[38;2;246;135;4m[48;2;252;139;8m▀[0m[38;2;242;136;7m[48;2;206;107;7m▀[0m[38;2;249;133;8m▄[0m[38;2;40;8;0m▀[0m[38;2;39;7;0m[48;2;58;15;0m▀[0m [38;2;230;122;2m▄[0m[38;2;234;120;1m[48;2;243;129;1m▀[0m[38;2;156;75;2m[48;2;250;134;4m▀[0m[38;2;249;132;4m[48;2;223;116;6m▀[0m[38;2;143;65;0m▀[0m[38;2;41;7;0m▀[0m[38;2;36;8;0m▀[0m     
        [38;2;36;6;0m▄[0m[38;2;37;7;1m[48;2;38;8;1m▀[0m[38;2;245;218;175m[48;2;243;215;168m▀[0m[38;2;251;222;172m[48;2;251;220;166m▀[0m[38;2;252;221;169m[48;2;252;219;165m▀[0m[38;2;252;218;164m[48;2;251;219;164m▀[0m[38;2;251;193;111m[48;2;251;188;105m▀[0m[38;2;251;145;24m[48;2;251;138;14m▀[0m[38;2;250;138;14m[48;2;250;136;10m▀[0m[38;2;213;114;8m[48;2;242;130;6m▀[0m[38;2;40;8;0m▀[0m[38;2;203;95;1m[48;2;216;106;2m▀[0m[38;2;251;131;3m[48;2;250;132;3m▀[0m[38;2;250;132;5m[48;2;250;134;7m▀[0m[38;2;113;47;1m[48;2;168;81;6m▀[0m[38;2;38;7;0m▄[0m[38;2;156;74;2m[48;2;170;84;4m▀[0m[38;2;252;137;6m[48;2;252;138;8m▀[0m[38;2;251;137;6m[48;2;249;133;5m▀[0m[38;2;131;63;2m▀[0m[38;2;42;8;0m▀[0m[38;2;206;107;4m[48;2;236;126;4m▀[0m[38;2;247;132;4m[48;2;249;132;4m▀[0m[38;2;139;61;2m[48;2;247;133;9m▀[0m[38;2;128;58;2m▄[0m[38;2;35;8;0m▀[0m[38;2;234;123;1m[48;2;238;135;8m▀[0m[38;2;229;121;3m▀[0m [38;2;37;8;0m[48;2;36;7;0m▀[0m       
        [38;2;39;7;0m▀[0m  [38;2;246;213;159m[48;2;241;208;166m▀[0m[38;2;252;219;165m[48;2;248;220;177m▀[0m[38;2;252;222;170m[48;2;249;224;182m▀[0m[38;2;250;187;105m▀[0m[38;2;251;137;13m[48;2;197;102;5m▀[0m[38;2;251;133;6m[48;2;249;131;5m▀[0m[38;2;250;131;4m[48;2;251;134;6m▀[0m[38;2;249;130;4m[48;2;252;135;7m▀[0m[38;2;250;131;4m[48;2;252;136;8m▀[0m[38;2;250;133;5m[48;2;252;138;10m▀[0m[38;2;251;135;7m[48;2;251;142;11m▀[0m[38;2;252;137;9m[48;2;243;132;10m▀[0m[38;2;251;139;11m[48;2;251;136;5m▀[0m[38;2;252;139;11m[48;2;251;136;5m▀[0m[38;2;252;136;8m[48;2;245;134;8m▀[0m[38;2;251;133;6m[48;2;181;93;7m▀[0m[38;2;249;131;4m[48;2;244;133;10m▀[0m[38;2;248;132;4m[48;2;251;136;7m▀[0m[38;2;250;133;5m[48;2;242;131;5m▀[0m[38;2;250;132;5m[48;2;199;99;6m▀[0m[38;2;248;130;5m[48;2;191;94;3m▀[0m[38;2;236;124;4m[48;2;241;128;7m▀[0m[38;2;68;24;1m▄[0m[38;2;44;9;0m▄[0m[38;2;57;27;0m▄[0m[38;2;57;26;2m▀[0m        
         [38;2;39;6;0m▄[0m[38;2;67;19;1m[48;2;235;124;7m▀[0m[38;2;178;92;12m▄[0m[38;2;243;210;163m▀[0m[38;2;246;219;178m[48;2;72;46;27m▀[0m [38;2;189;98;4m[48;2;180;93;4m▀[0m[38;2;248;131;3m[48;2;250;136;8m▀[0m[38;2;251;133;4m[48;2;224;117;4m▀[0m[38;2;251;134;6m[48;2;225;116;4m▀[0m[38;2;252;137;8m[48;2;249;133;4m▀[0m[38;2;251;139;10m[48;2;240;130;9m▀[0m [38;2;244;160;55m[48;2;252;226;173m▀[0m[38;2;250;156;42m[48;2;251;216;162m▀[0m[38;2;250;157;42m[48;2;251;214;155m▀[0m[38;2;235;150;48m[48;2;239;206;155m▀[0m[38;2;36;9;0m▀[0m[38;2;224;123;8m[48;2;241;135;8m▀[0m[38;2;250;136;7m[48;2;251;137;8m▀[0m[38;2;242;137;11m[48;2;232;127;13m▀[0m[38;2;253;134;7m▄[0m[38;2;120;47;1m[48;2;211;111;5m▀[0m[38;2;247;137;14m[48;2;250;134;7m▀[0m[38;2;161;77;4m[48;2;213;106;1m▀[0m[38;2;45;9;0m▀[0m[38;2;54;22;1m▀[0m         
        [38;2;35;6;0m▀[0m[38;2;41;6;0m▀[0m[38;2;243;132;8m[48;2;239;128;5m▀[0m[38;2;226;120;6m[48;2;248;132;3m▀[0m[38;2;47;10;0m[48;2;241;128;4m▀[0m[38;2;209;110;2m▄[0m[38;2;40;6;0m[48;2;39;7;0m▀[0m[38;2;138;69;4m[48;2;179;92;3m▀[0m[38;2;250;137;10m[48;2;246;130;4m▀[0m[38;2;116;50;2m▄[0m[38;2;92;39;1m▄[0m[38;2;242;129;2m[48;2;243;129;1m▀[0m[38;2;238;126;7m[48;2;230;121;6m▀[0m[38;2;37;7;0m▀[0m[38;2;253;236;197m▀[0m[38;2;251;228;184m[48;2;35;8;0m▀[0m[38;2;253;230;187m[48;2;40;9;1m▀[0m[38;2;242;220;180m[48;2;40;9;0m▀[0m [38;2;235;142;11m▀[0m[38;2;235;126;5m[48;2;208;106;2m▀[0m[38;2;251;134;6m[48;2;247;129;2m▀[0m[38;2;250;133;5m[48;2;248;129;2m▀[0m[38;2;220;116;7m[48;2;162;77;6m▀[0m[38;2;200;103;9m[48;2;35;9;0m▀[0m[38;2;214;112;6m[48;2;211;112;5m▀[0m[38;2;39;7;0m[48;2;220;121;4m▀[0m [38;2;45;22;2m▄[0m        
       [38;2;38;10;2m▄[0m  [38;2;234;127;6m[48;2;77;29;1m▀[0m[38;2;250;134;6m[48;2;232;123;6m▀[0m[38;2;248;135;10m[48;2;246;133;7m▀[0m[38;2;240;130;6m[48;2;233;129;8m▀[0m[38;2;35;6;0m▀[0m[38;2;189;99;4m[48;2;176;91;2m▀[0m[38;2;246;129;2m[48;2;230;123;6m▀[0m[38;2;249;131;3m[48;2;247;131;5m▀[0m[38;2;249;131;3m[48;2;250;132;5m▀[0m[38;2;248;133;7m[48;2;248;133;7m▀[0m[38;2;213;110;5m[48;2;228;120;4m▀[0m[38;2;42;8;0m▀[0m[38;2;59;18;0m▀[0m[38;2;110;46;0m[48;2;221;118;3m▀[0m[38;2;80;27;0m[48;2;219;110;0m▀[0m[38;2;62;19;1m[48;2;205;103;0m▀[0m[38;2;41;7;0m▄[0m[38;2;44;13;1m▄[0m[38;2;38;7;0m[48;2;48;12;0m▀[0m[38;2;234;123;6m[48;2;39;9;0m▀[0m[38;2;248;133;8m[48;2;195;101;5m▀[0m[38;2;200;100;8m[48;2;236;126;4m▀[0m[38;2;166;75;6m[48;2;242;127;1m▀[0m[38;2;229;120;3m[48;2;225;118;5m▀[0m[38;2;219;115;4m[48;2;221;120;11m▀[0m[38;2;73;24;2m[48;2;245;141;10m▀[0m[38;2;39;7;0m[48;2;35;6;0m▀[0m        
       [38;2;151;121;88m▄[0m[38;2;206;180;146m[48;2;245;218;172m▀[0m[38;2;249;229;185m[48;2;250;225;182m▀[0m[38;2;251;230;174m[48;2;251;221;172m▀[0m[38;2;238;157;57m[48;2;251;213;154m▀[0m[38;2;221;117;7m[48;2;176;136;93m▀[0m  [38;2;36;4;0m[48;2;230;200;166m▀[0m[38;2;244;213;167m▄[0m[38;2;226;122;7m[48;2;246;199;130m▀[0m[38;2;250;134;7m[48;2;250;171;76m▀[0m[38;2;247;131;5m[48;2;248;145;27m▀[0m[38;2;236;126;4m[48;2;206;106;3m▀[0m [38;2;131;75;24m[48;2;181;127;67m▀[0m[38;2;177;93;12m[48;2;188;118;47m▀[0m[38;2;209;106;3m[48;2;196;119;43m▀[0m[38;2;202;104;1m[48;2;124;59;2m▀[0m [38;2;37;11;0m▀[0m[38;2;38;22;9m▀[0m[38;2;35;7;0m▀[0m[38;2;36;7;0m[48;2;54;23;9m▀[0m[38;2;123;83;51m▄[0m[38;2;234;120;1m[48;2;241;169;84m▀[0m[38;2;139;64;1m[48;2;243;167;78m▀[0m[38;2;178;90;4m[48;2;242;150;48m▀[0m[38;2;245;137;9m[48;2;248;130;8m▀[0m[38;2;35;5;0m▄[0m        
       [38;2;238;207;161m[48;2;59;33;18m▀[0m[38;2;205;175;133m▀[0m[38;2;245;222;174m[48;2;39;13;4m▀[0m[38;2;249;218;171m[48;2;58;27;13m▀[0m[38;2;242;209;167m[48;2;74;42;25m▀[0m[38;2;36;7;0m▄[0m[38;2;38;9;2m▄[0m[38;2;184;153;114m[48;2;248;223;178m▀[0m[38;2;250;216;160m▀[0m[38;2;252;216;157m[48;2;247;221;168m▀[0m[38;2;252;219;162m[48;2;250;217;161m▀[0m[38;2;252;220;166m[48;2;244;214;161m▀[0m[38;2;242;202;142m[48;2;75;47;23m▀[0m[38;2;87;32;3m▀[0m[38;2;41;8;0m[48;2;35;6;0m▀[0m[38;2;102;64;37m[48;2;42;10;2m▀[0m[38;2;180;127;73m▀[0m[38;2;151;103;62m▀[0m[38;2;50;17;7m▀[0m[38;2;42;13;2m▀[0m [38;2;40;7;1m▄[0m[38;2;40;13;5m▄[0m[38;2;161;130;95m[48;2;228;200;158m▀[0m[38;2;249;215;159m▀[0m[38;2;251;216;160m[48;2;243;212;160m▀[0m[38;2;252;219;163m[48;2;251;217;164m▀[0m[38;2;248;205;142m[48;2;239;206;155m▀[0m[38;2;249;183;105m[48;2;49;26;16m▀[0m         
          [38;2;37;6;0m▀[0m   [38;2;169;139;106m▀[0m [38;2;193;161;121m▀[0m[38;2;192;160;123m▀[0m[38;2;191;165;127m[48;2;37;5;0m▀[0m    [38;2;37;8;0m▀[0m      [38;2;175;147;115m[48;2;37;6;0m▀[0m [38;2;198;169;133m▀[0m[38;2;207;175;137m[48;2;36;5;0m▀[0m[38;2;194;162;119m▀[0m          
