
  [2] standing
     [38;2;52;28;11m▄[0m  [38;2;36;8;0m[48;2;114;53;3m▀[0m   [38;2;37;9;0m▄[0m                                 
    [38;2;41;10;0m▀[0m[38;2;54;19;4m[48;2;99;62;37m▀[0m[38;2;248;170;65m▄[0m[38;2;225;115;1m▀[0m[38;2;244;132;5m[48;2;194;99;3m▀[0m[38;2;245;132;3m[48;2;247;133;2m▀[0m[38;2;206;101;5m[48;2;249;135;6m▀[0m[38;2;36;8;0m[48;2;205;106;4m▀[0m[38;2;40;8;0m▀[0m[38;2;41;8;0m▀[0m        [38;2;35;6;0m▄[0m[38;2;35;11;0m▄[0m                      
  [38;2;36;11;1m▄[0m [38;2;244;217;163m▄[0m[38;2;240;210;168m[48;2;249;214;159m▀[0m[38;2;251;219;171m[48;2;251;217;165m▀[0m[38;2;190;138;91m[48;2;236;200;154m▀[0m[38;2;36;9;0m[48;2;187;135;84m▀[0m[38;2;236;132;3m[48;2;90;34;1m▀[0m[38;2;228;122;3m[48;2;96;38;2m▀[0m[38;2;210;109;0m▀[0m     [38;2;42;11;0m▀[0m[38;2;46;11;0m[48;2;36;9;0m▀[0m[38;2;123;60;4m[48;2;248;140;9m▀[0m[38;2;237;130;6m[48;2;251;139;8m▀[0m[38;2;239;126;2m[48;2;251;136;5m▀[0m[38;2;238;126;2m[48;2;250;135;6m▀[0m[38;2;137;61;2m[48;2;247;136;10m▀[0m[38;2;137;66;4m▄[0m[38;2;35;7;0m▄[0m                    
  [38;2;39;12;1m▀[0m[38;2;41;8;1m[48;2;36;6;0m▀[0m[38;2;251;230;178m[48;2;212;191;151m▀[0m[38;2;248;215;164m[48;2;220;180;132m▀[0m[38;2;192;159;114m▀[0m [38;2;242;122;1m▄[0m[38;2;225;119;6m▄[0m [38;2;116;50;1m[48;2;225;116;2m▀[0m[38;2;212;111;8m[48;2;248;130;4m▀[0m[38;2;210;112;8m[48;2;249;131;6m▀[0m[38;2;129;58;3m[48;2;246;131;6m▀[0m[38;2;208;105;4m▄[0m[38;2;64;23;0m▄[0m[38;2;134;60;2m▄[0m[38;2;236;124;2m[48;2;250;137;9m▀[0m[38;2;250;134;1m[48;2;242;130;6m▀[0m[38;2;235;127;4m[48;2;244;129;3m▀[0m[38;2;253;145;15m▀[0m[38;2;253;141;14m▀[0m[38;2;242;153;49m[48;2;236;207;161m▀[0m[38;2;160;103;52m[48;2;248;218;167m▀[0m[38;2;250;224;176m▄[0m[38;2;36;7;1m▄[0m                   
   [38;2;41;18;4m▄[0m [38;2;36;9;0m▀[0m[38;2;101;44;4m[48;2;211;109;3m▀[0m[38;2;243;138;11m▀[0m[38;2;208;107;4m[48;2;169;85;2m▀[0m[38;2;248;132;5m[48;2;250;133;5m▀[0m[38;2;248;131;4m[48;2;239;127;5m▀[0m[38;2;248;130;5m[48;2;248;137;13m▀[0m[38;2;248;129;3m[48;2;243;130;12m▀[0m[38;2;247;129;3m[48;2;248;132;5m▀[0m[38;2;249;130;3m[48;2;251;132;4m▀[0m[38;2;247;130;4m[48;2;250;132;5m▀[0m[38;2;179;88;1m[48;2;247;129;3m▀[0m[38;2;185;92;2m[48;2;229;119;2m▀[0m[38;2;239;130;8m[48;2;74;24;0m▀[0m[38;2;197;98;4m▀[0m[38;2;62;35;15m[48;2;225;193;148m▀[0m[38;2;207;179;135m[48;2;251;220;171m▀[0m[38;2;250;220;168m[48;2;253;221;169m▀[0m[38;2;252;221;169m[48;2;252;221;170m▀[0m[38;2;250;221;173m[48;2;251;222;175m▀[0m[38;2;251;229;184m[48;2;251;231;185m▀[0m                    
  [38;2;43;19;5m▄[0m [38;2;231;118;1m[48;2;180;91;1m▀[0m[38;2;241;128;5m[48;2;245;129;2m▀[0m[38;2;219;115;7m[48;2;250;133;4m▀[0m[38;2;155;76;5m[48;2;251;133;6m▀[0m[38;2;236;126;6m[48;2;251;134;5m▀[0m[38;2;251;135;6m[48;2;251;135;5m▀[0m[38;2;214;113;6m[48;2;251;137;10m▀[0m[38;2;38;13;0m[48;2;246;134;12m▀[0m[38;2;246;133;9m▄[0m[38;2;248;133;5m[48;2;250;132;3m▀[0m[38;2;251;133;5m[48;2;250;132;4m▀[0m[38;2;252;134;6m[48;2;250;133;5m▀[0m[38;2;251;133;6m[48;2;250;133;5m▀[0m[38;2;232;122;3m[48;2;251;135;8m▀[0m[38;2;245;133;10m▄[0m [38;2;197;159;113m▀[0m[38;2;250;194;117m[48;2;156;84;20m▀[0m[38;2;252;208;144m[48;2;250;189;111m▀[0m[38;2;252;222;173m[48;2;252;217;163m▀[0m[38;2;251;222;174m[48;2;245;218;171m▀[0m[38;2;250;227;180m[48;2;90;62;42m▀[0m[38;2;37;6;0m▄[0m                   
   [38;2;99;33;0m[48;2;5;36;51m▀[0m[38;2;66;21;2m[48;2;1;65;102m▀[0m[38;2;245;135;5m[48;2;244;143;8m▀[0m[38;2;251;135;5m[48;2;250;134;5m▀[0m[38;2;252;136;6m[48;2;251;136;7m▀[0m[38;2;252;137;6m[48;2;252;139;9m▀[0m[38;2;251;135;4m[48;2;249;140;8m▀[0m[38;2;224;118;4m[48;2;90;39;0m▀[0m[38;2;249;136;6m▀[0m[38;2;249;136;8m▀[0m[38;2;244;131;7m[48;2;174;95;3m▀[0m[38;2;250;133;6m[48;2;249;137;12m▀[0m[38;2;251;134;6m[48;2;252;134;8m▀[0m[38;2;250;133;5m[48;2;251;133;6m▀[0m[38;2;250;133;6m[48;2;250;132;4m▀[0m[38;2;250;134;7m[48;2;250;131;4m▀[0m[38;2;229;121;10m[48;2;247;130;6m▀[0m[38;2;49;16;0m[48;2;133;65;3m▀[0m[38;2;143;67;6m[48;2;176;90;6m▀[0m[38;2;248;171;75m[48;2;221;125;14m▀[0m[38;2;240;174;90m[48;2;161;88;15m▀[0m[38;2;210;176;146m▀[0m              [38;2;38;7;0m▄[0m   [38;2;46;14;6m▄[0m[38;2;38;8;0m▄[0m 
 [38;2;40;9;0m▀[0m [38;2;1;87;129m[48;2;0;87;138m▀[0m [38;2;249;142;6m[48;2;246;137;12m▀[0m[38;2;251;137;8m[48;2;252;137;9m▀[0m[38;2;251;135;7m[48;2;250;134;6m▀[0m[38;2;248;134;5m[48;2;243;130;3m▀[0m[38;2;226;126;10m▀[0m [38;2;83;189;200m▄[0m[38;2;56;173;207m[48;2;51;164;181m▀[0m[38;2;6;185;237m▄[0m[38;2;174;97;6m▀[0m[38;2;248;131;4m[48;2;247;131;3m▀[0m[38;2;251;133;5m[48;2;251;132;4m▀[0m[38;2;252;133;5m[48;2;252;133;5m▀[0m[38;2;252;133;5m[48;2;251;134;9m▀[0m[38;2;251;133;5m[48;2;251;132;8m▀[0m[38;2;248;129;2m[48;2;248;128;2m▀[0m[38;2;142;65;3m[48;2;125;57;2m▀[0m [38;2;36;7;0m▀[0m[38;2;41;13;2m[48;2;49;26;9m▀[0m            [38;2;40;8;2m▄[0m[38;2;38;12;4m▄[0m[38;2;250;225;174m▄[0m[38;2;233;207;162m[48;2;251;220;165m▀[0m[38;2;233;206;162m[48;2;252;220;167m▀[0m[38;2;234;207;164m[48;2;252;221;169m▀[0m[38;2;141;107;80m[48;2;247;216;166m▀[0m[38;2;66;42;25m▄[0m 
[38;2;38;6;1m▄[0m[38;2;35;6;0m[48;2;161;134;105m▀[0m [38;2;2;99;124m▀[0m[38;2;233;134;3m▀[0m[38;2;245;132;6m[48;2;231;166;85m▀[0m[38;2;248;134;7m[48;2;250;190;105m▀[0m[38;2;249;133;5m[48;2;250;182;89m▀[0m[38;2;246;132;5m[48;2;250;152;31m▀[0m    [38;2;8;194;240m[48;2;14;197;241m▀[0m [38;2;250;135;7m[48;2;250;136;9m▀[0m[38;2;251;134;5m[48;2;251;135;5m▀[0m[38;2;232;121;4m[48;2;236;126;5m▀[0m[38;2;35;10;0m▀[0m[38;2;103;45;0m▀[0m[38;2;249;129;4m[48;2;247;128;2m▀[0m[38;2;201;102;7m[48;2;248;129;5m▀[0m[38;2;138;59;1m[48;2;243;127;5m▀[0m[38;2;40;8;0m[48;2;140;64;6m▀[0m[38;2;37;10;0m▀[0m           [38;2;37;6;0m▄[0m[38;2;80;53;30m[48;2;204;218;189m▀[0m[38;2;228;201;156m[48;2;141;202;196m▀[0m[38;2;246;222;174m[48;2;52;195;226m▀[0m[38;2;247;221;171m[48;2;56;200;231m▀[0m[38;2;251;220;167m[48;2;151;213;207m▀[0m[38;2;252;221;167m[48;2;251;224;177m▀[0m[38;2;251;222;173m[48;2;238;211;165m▀[0m[38;2;76;49;32m[48;2;69;42;26m▀[0m[38;2;37;5;1m▀[0m
 [38;2;230;201;151m[48;2;240;214;165m▀[0m[38;2;126;85;49m[48;2;241;212;163m▀[0m [38;2;250;232;188m[48;2;244;218;176m▀[0m[38;2;243;212;158m[48;2;247;218;173m▀[0m[38;2;252;221;163m[48;2;252;224;170m▀[0m[38;2;252;223;169m[48;2;251;220;167m▀[0m[38;2;250;207;140m[48;2;252;219;163m▀[0m[38;2;245;215;162m▄[0m[38;2;120;105;77m▄[0m [38;2;0;151;204m▀[0m[38;2;0;26;40m[48;2;224;110;8m▀[0m[38;2;200;110;7m[48;2;241;126;2m▀[0m[38;2;249;131;3m[48;2;247;130;4m▀[0m[38;2;251;134;6m[48;2;202;103;5m▀[0m[38;2;251;136;7m[48;2;252;139;10m▀[0m[38;2;251;133;5m[48;2;250;135;10m▀[0m[38;2;250;131;4m[48;2;251;134;9m▀[0m[38;2;237;121;4m[48;2;111;48;1m▀[0m[38;2;233;121;4m[48;2;166;83;3m▀[0m[38;2;214;109;2m▀[0m[38;2;47;12;1m▀[0m [38;2;36;6;0m▄[0m           [38;2;7;207;251m[48;2;1;199;245m▀[0m[38;2;4;190;247m[48;2;6;159;210m▀[0m[38;2;1;188;245m[48;2;2;210;252m▀[0m[38;2;0;188;246m[48;2;1;194;240m▀[0m[38;2;28;194;239m[48;2;0;182;238m▀[0m[38;2;145;210;204m[48;2;8;199;240m▀[0m[38;2;214;179;132m[48;2;36;7;3m▀[0m [38;2;46;34;24m▀[0m
  [38;2;210;178;137m[48;2;42;10;2m▀[0m[38;2;245;210;157m[48;2;239;208;162m▀[0m[38;2;240;209;161m▄[0m[38;2;208;172;130m[48;2;239;206;155m▀[0m[38;2;208;175;129m[48;2;251;218;163m▀[0m[38;2;251;218;162m[48;2;252;220;166m▀[0m[38;2;252;220;165m[48;2;252;221;168m▀[0m[38;2;252;220;166m[48;2;252;220;168m▀[0m[38;2;251;220;168m[48;2;252;220;167m▀[0m[38;2;250;206;136m[48;2;252;220;167m▀[0m[38;2;249;154;48m[48;2;251;201;126m▀[0m[38;2;249;129;8m[48;2;247;132;11m▀[0m[38;2;248;129;5m[48;2;247;129;3m▀[0m[38;2;239;125;4m[48;2;246;130;5m▀[0m[38;2;63;21;0m[48;2;248;136;15m▀[0m[38;2;99;43;1m[48;2;249;135;9m▀[0m[38;2;247;130;4m[48;2;248;130;2m▀[0m[38;2;250;131;6m[48;2;247;129;2m▀[0m[38;2;206;103;6m[48;2;247;127;2m▀[0m[38;2;225;114;5m[48;2;168;79;3m▀[0m[38;2;178;81;1m[48;2;84;30;0m▀[0m[38;2;49;11;0m[48;2;40;7;0m▀[0m[38;2;44;13;0m[48;2;45;16;1m▀[0m            [38;2;35;6;0m▄[0m[38;2;94;43;4m▄[0m[38;2;182;84;6m▄[0m[38;2;80;32;1m▄[0m     
  [38;2;40;10;3m▀[0m[38;2;44;13;4m[48;2;37;7;0m▀[0m[38;2;215;186;146m▀[0m[38;2;246;215;164m▀[0m[38;2;249;217;164m▀[0m[38;2;251;220;167m[48;2;246;214;164m▀[0m[38;2;252;220;166m[48;2;250;216;163m▀[0m[38;2;252;219;164m[48;2;251;217;163m▀[0m[38;2;251;219;165m[48;2;251;219;165m▀[0m[38;2;252;220;166m[48;2;252;221;168m▀[0m[38;2;252;219;160m[48;2;252;222;169m▀[0m[38;2;251;189;104m[48;2;252;223;169m▀[0m[38;2;249;143;23m[48;2;251;184;98m▀[0m[38;2;250;134;9m[48;2;251;134;12m▀[0m[38;2;249;132;7m[48;2;238;124;5m▀[0m[38;2;249;134;6m[48;2;207;104;2m▀[0m[38;2;249;134;8m[48;2;98;40;2m▀[0m[38;2;229;119;4m[48;2;38;5;0m▀[0m  [38;2;40;8;0m▀[0m   [38;2;36;6;0m▄[0m[38;2;38;7;0m▄[0m        [38;2;39;7;0m[48;2;35;7;0m▀[0m [38;2;214;111;5m[48;2;242;128;5m▀[0m[38;2;241;125;5m[48;2;247;130;8m▀[0m[38;2;183;93;5m[48;2;212;115;9m▀[0m[38;2;37;4;0m[48;2;39;4;0m▀[0m    
       [38;2;37;9;2m[48;2;43;24;14m▀[0m[38;2;42;10;2m[48;2;43;9;2m▀[0m [38;2;178;147;108m[48;2;99;76;54m▀[0m[38;2;251;219;166m[48;2;249;221;173m▀[0m[38;2;252;222;169m[48;2;252;221;167m▀[0m[38;2;251;203;134m[48;2;252;213;148m▀[0m[38;2;251;138;22m[48;2;251;171;73m▀[0m[38;2;250;135;14m[48;2;250;131;3m▀[0m[38;2;196;101;7m[48;2;250;134;8m▀[0m[38;2;72;25;2m[48;2;245;133;10m▀[0m[38;2;240;128;4m▄[0m[38;2;188;94;1m▄[0m[38;2;36;8;0m[48;2;38;8;0m▀[0m[38;2;85;31;0m▄[0m[38;2;124;49;0m▄[0m[38;2;35;5;0m[48;2;201;100;2m▀[0m[38;2;232;118;2m▄[0m[38;2;229;118;1m▄[0m[38;2;229;120;1m▄[0m[38;2;36;6;0m[48;2;234;123;2m▀[0m[38;2;148;69;1m▄[0m[38;2;54;13;0m▄[0m[38;2;35;8;0m[48;2;45;9;0m▀[0m[38;2;39;6;0m▄[0m      [38;2;172;87;6m▄[0m[38;2;248;130;5m[48;2;248;131;3m▀[0m[38;2;224;122;5m[48;2;239;132;1m▀[0m     
        [38;2;38;9;3m▀[0m [38;2;236;206;156m[48;2;250;218;164m▀[0m[38;2;251;221;169m[48;2;252;220;167m▀[0m[38;2;252;221;169m[48;2;252;220;169m▀[0m[38;2;252;220;165m[48;2;252;221;170m▀[0m[38;2;252;190;108m[48;2;252;190;112m▀[0m[38;2;250;131;2m[48;2;250;133;8m▀[0m[38;2;250;132;4m[48;2;229;120;4m▀[0m[38;2;249;132;4m[48;2;79;32;1m▀[0m[38;2;249;131;2m[48;2;180;92;4m▀[0m[38;2;239;125;2m[48;2;248;131;3m▀[0m[38;2;215;111;3m[48;2;250;133;5m▀[0m[38;2;232;121;4m[48;2;193;97;3m▀[0m[38;2;240;122;3m[48;2;170;78;3m▀[0m[38;2;250;130;2m[48;2;246;130;4m▀[0m[38;2;251;132;3m[48;2;250;135;7m▀[0m[38;2;246;130;4m[48;2;194;97;4m▀[0m[38;2;167;80;2m[48;2;53;15;0m▀[0m[38;2;191;94;2m▀[0m[38;2;239;129;7m[48;2;245;130;3m▀[0m[38;2;226;125;9m[48;2;248;130;3m▀[0m[38;2;39;5;0m[48;2;236;125;3m▀[0m  [38;2;40;9;0m▄[0m[38;2;73;35;4m[48;2;40;8;0m▀[0m[38;2;39;7;0m[48;2;69;23;0m▀[0m[38;2;159;74;3m▄[0m[38;2;199;101;1m[48;2;242;129;5m▀[0m[38;2;247;129;3m[48;2;248;132;5m▀[0m[38;2;248;131;4m[48;2;239;130;9m▀[0m[38;2;164;83;3m[48;2;39;6;0m▀[0m[38;2;39;7;0m▀[0m    
        [38;2;41;9;1m▄[0m[38;2;68;37;22m▄[0m[38;2;250;222;174m[48;2;168;138;100m▀[0m[38;2;252;222;170m[48;2;252;220;165m▀[0m[38;2;252;221;170m[48;2;253;220;166m▀[0m[38;2;252;222;172m[48;2;251;214;153m▀[0m[38;2;250;156;52m[48;2;243;142;31m▀[0m[38;2;249;135;12m[48;2;247;132;5m▀[0m[38;2;221;118;7m[48;2;248;134;7m▀[0m[38;2;40;10;0m[48;2;246;134;11m▀[0m[38;2;121;55;1m[48;2;248;133;8m▀[0m[38;2;249;134;8m[48;2;250;133;5m▀[0m[38;2;251;137;10m[48;2;251;133;6m▀[0m[38;2;125;58;4m[48;2;221;116;8m▀[0m[38;2;60;16;0m[48;2;204;105;6m▀[0m[38;2;235;123;3m[48;2;246;130;4m▀[0m[38;2;251;136;7m[48;2;250;134;5m▀[0m[38;2;239;129;8m[48;2;250;135;4m▀[0m[38;2;122;55;0m[48;2;247;131;3m▀[0m[38;2;221;113;2m[48;2;250;131;4m▀[0m[38;2;249;130;4m[48;2;243;128;9m▀[0m[38;2;247;131;6m[48;2;160;78;5m▀[0m[38;2;245;132;8m[48;2;173;87;6m▀[0m[38;2;215;113;8m[48;2;245;131;10m▀[0m[38;2;62;19;1m[48;2;190;93;5m▀[0m[38;2;44;9;0m▀[0m[38;2;195;98;6m▀[0m[38;2;235;122;4m[48;2;243;129;2m▀[0m[38;2;122;49;1m[48;2;241;127;3m▀[0m[38;2;208;104;3m[48;2;234;124;7m▀[0m[38;2;241;128;4m▀[0m       
        [38;2;39;7;0m▀[0m  [38;2;244;215;168m[48;2;44;14;3m▀[0m[38;2;251;222;172m[48;2;237;213;177m▀[0m[38;2;232;183;125m[48;2;250;217;174m▀[0m[38;2;179;84;7m[48;2;38;12;2m▀[0m[38;2;241;132;10m[48;2;238;128;10m▀[0m[38;2;251;136;7m[48;2;240;128;4m▀[0m[38;2;251;135;6m[48;2;239;127;6m▀[0m[38;2;250;133;5m[48;2;240;126;3m▀[0m[38;2;250;131;3m[48;2;249;134;5m▀[0m[38;2;249;131;2m[48;2;170;85;1m▀[0m[38;2;250;131;5m[48;2;189;97;8m▀[0m[38;2;249;131;7m[48;2;245;135;16m▀[0m[38;2;249;131;6m[48;2;249;141;24m▀[0m[38;2;250;132;4m[48;2;250;144;29m▀[0m[38;2;244;131;4m[48;2;251;149;27m▀[0m[38;2;214;112;2m[48;2;81;27;0m▀[0m[38;2;243;126;2m[48;2;225;115;3m▀[0m[38;2;212;111;6m[48;2;246;129;3m▀[0m[38;2;35;10;0m[48;2;239;125;7m▀[0m[38;2;36;10;0m[48;2;226;115;2m▀[0m[38;2;243;126;2m[48;2;247;129;3m▀[0m[38;2;204;104;2m[48;2;216;111;3m▀[0m  [38;2;237;124;0m[48;2;40;7;0m▀[0m[38;2;231;120;0m[48;2;38;7;0m▀[0m[38;2;37;7;0m▄[0m [38;2;43;10;0m▀[0m      
         [38;2;38;8;0m▄[0m[38;2;239;143;8m[48;2;208;115;6m▀[0m[38;2;40;10;2m[48;2;225;124;12m▀[0m[38;2;36;4;0m▄[0m[38;2;185;161;135m[48;2;35;9;0m▀[0m[38;2;60;22;2m[48;2;36;8;0m▀[0m[38;2;238;124;6m[48;2;236;124;7m▀[0m[38;2;243;129;3m[48;2;244;128;4m▀[0m [38;2;227;121;7m[48;2;246;133;11m▀[0m[38;2;249;138;12m[48;2;236;130;7m▀[0m[38;2;72;24;0m[48;2;51;11;0m▀[0m[38;2;118;83;53m[48;2;114;85;57m▀[0m[38;2;249;210;147m[48;2;248;217;167m▀[0m[38;2;252;214;153m[48;2;251;218;161m▀[0m[38;2;251;217;163m[48;2;250;218;163m▀[0m[38;2;253;227;172m[48;2;251;224;172m▀[0m[38;2;38;6;0m▀[0m[38;2;224;122;5m[48;2;247;140;3m▀[0m[38;2;249;132;5m[48;2;250;133;4m▀[0m[38;2;248;130;3m[48;2;249;133;4m▀[0m[38;2;247;129;2m[48;2;223;117;4m▀[0m[38;2;239;124;3m▀[0m[38;2;218;112;4m[48;2;198;105;5m▀[0m[38;2;39;7;0m▀[0m [38;2;59;30;2m▄[0m[38;2;38;7;0m▀[0m[38;2;40;8;0m▀[0m        
         [38;2;40;8;0m▀[0m[38;2;213;114;3m[48;2;236;130;3m▀[0m[38;2;248;133;7m[48;2;249;130;2m▀[0m[38;2;236;124;3m[48;2;246;132;3m▀[0m [38;2;43;10;0m▄[0m[38;2;235;124;5m[48;2;237;131;14m▀[0m[38;2;247;131;7m[48;2;214;112;8m▀[0m[38;2;240;125;8m[48;2;125;54;0m▀[0m[38;2;248;135;12m[48;2;229;123;9m▀[0m[38;2;251;140;4m[48;2;249;137;5m▀[0m   [38;2;36;8;0m▄[0m [38;2;35;6;0m▄[0m[38;2;37;7;0m▄[0m[38;2;66;20;0m▀[0m[38;2;227;118;2m[48;2;202;105;5m▀[0m[38;2;247;130;1m[48;2;246;130;1m▀[0m[38;2;201;102;4m[48;2;251;135;5m▀[0m[38;2;102;43;2m[48;2;251;137;9m▀[0m[38;2;221;121;8m[48;2;252;137;8m▀[0m[38;2;234;133;8m[48;2;251;137;8m▀[0m[38;2;183;94;4m▄[0m[38;2;35;7;0m[48;2;58;17;0m▀[0m[38;2;45;21;4m▄[0m         
          [38;2;247;145;1m▀[0m[38;2;241;129;7m[48;2;220;115;12m▀[0m[38;2;248;138;11m[48;2;232;127;8m▀[0m[38;2;123;56;3m▀[0m[38;2;43;8;0m▀[0m[38;2;233;125;8m▀[0m[38;2;241;127;4m▀[0m[38;2;226;119;4m[48;2;242;129;5m▀[0m[38;2;241;127;4m[48;2;247;133;6m▀[0m[38;2;240;133;6m[48;2;195;102;3m▀[0m[38;2;38;7;0m▄[0m[38;2;46;19;3m[48;2;40;17;4m▀[0m    [38;2;37;8;0m▀[0m[38;2;37;8;0m▀[0m [38;2;212;112;7m[48;2;39;6;0m▀[0m[38;2;252;142;10m[48;2;38;5;0m▀[0m[38;2;249;136;8m▀[0m[38;2;249;132;4m▀[0m[38;2;250;133;5m[48;2;231;124;11m▀[0m[38;2;248;134;7m[48;2;248;132;4m▀[0m[38;2;229;122;1m▄[0m          
       [38;2;116;84;59m▄[0m[38;2;73;39;20m[48;2;244;212;160m▀[0m[38;2;217;184;137m[48;2;250;215;158m▀[0m[38;2;223;189;137m[48;2;251;217;159m▀[0m[38;2;244;179;96m[48;2;243;217;171m▀[0m[38;2;187;99;12m▀[0m[38;2;39;6;0m▀[0m[38;2;37;10;3m[48;2;205;175;140m▀[0m[38;2;115;83;54m[48;2;250;225;183m▀[0m[38;2;136;90;51m[48;2;252;223;174m▀[0m[38;2;247;166;67m[48;2;252;221;166m▀[0m[38;2;248;150;34m[48;2;247;192;118m▀[0m[38;2;192;98;3m[48;2;245;167;74m▀[0m[38;2;40;8;0m▀[0m[38;2;36;15;3m▀[0m    [38;2;36;5;0m▄[0m[38;2;36;8;1m▄[0m[38;2;36;9;0m[48;2;156;100;43m▀[0m[38;2;132;60;3m▀[0m [38;2;203;172;135m▄[0m[38;2;39;21;8m[48;2;251;219;166m▀[0m[38;2;236;165;79m[48;2;252;221;165m▀[0m[38;2;249;162;57m[48;2;251;213;152m▀[0m[38;2;235;127;8m[48;2;239;179;106m▀[0m          
      [38;2;37;6;1m▀[0m[38;2;115;86;63m▀[0m[38;2;237;213;171m▀[0m [38;2;247;221;173m▀[0m[38;2;51;24;14m▀[0m[38;2;37;6;0m▄[0m [38;2;245;217;169m[48;2;175;142;104m▀[0m[38;2;173;147;110m▀[0m[38;2;245;223;180m[48;2;172;141;105m▀[0m[38;2;251;225;178m[48;2;201;172;133m▀[0m[38;2;240;206;155m[48;2;189;154;116m▀[0m[38;2;192;161;126m[48;2;36;6;0m▀[0m      [38;2;41;6;0m▀[0m[38;2;62;25;11m▀[0m[38;2;162;110;60m▀[0m [38;2;39;11;2m[48;2;42;14;5m▀[0m[38;2;247;217;168m[48;2;237;201;159m▀[0m[38;2;213;178;135m▀[0m[38;2;250;220;167m[48;2;242;216;178m▀[0m[38;2;249;221;171m[48;2;238;205;162m▀[0m[38;2;196;169;136m▀[0m[38;2;57;25;15m▀[0m         
       [38;2;38;7;0m▀[0m[38;2;35;5;0m▀[0m    [38;2;36;6;0m▀[0m[38;2;37;7;0m▀[0m    [38;2;37;5;0m▀[0m         [38;2;37;7;0m▀[0m[38;2;38;7;0m▀[0m  [38;2;36;6;0m▀[0m[38;2;35;6;0m▀[0m           
