
  [1] sitting
       [38;2;35;7;0m▀[0m [38;2;35;7;0m▄[0m                                    
  [38;2;40;16;4m▀[0m[38;2;35;6;0m▀[0m[38;2;88;36;4m[48;2;204;141;67m▀[0m[38;2;227;122;5m[48;2;240;141;7m▀[0m[38;2;244;133;4m[48;2;174;89;3m▀[0m[38;2;244;129;2m[48;2;250;135;6m▀[0m[38;2;242;130;6m[48;2;250;138;10m▀[0m[38;2;74;21;0m[48;2;239;124;8m▀[0m                [38;2;36;6;0m▄[0m                   
 [38;2;35;6;0m▄[0m [38;2;246;218;174m▄[0m[38;2;249;218;158m[48;2;252;222;168m▀[0m[38;2;233;174;83m[48;2;252;220;163m▀[0m[38;2;183;151;104m▄[0m[38;2;230;117;2m▀[0m[38;2;237;127;4m[48;2;192;100;5m▀[0m[38;2;246;131;2m[48;2;196;101;2m▀[0m[38;2;178;87;2m[48;2;207;97;3m▀[0m[38;2;35;7;0m▀[0m[38;2;36;7;0m▀[0m  [38;2;35;7;0m▄[0m     [38;2;38;8;0m▀[0m[38;2;70;27;1m[48;2;156;79;4m▀[0m[38;2;156;78;6m[48;2;248;140;13m▀[0m[38;2;238;129;5m[48;2;251;138;8m▀[0m[38;2;234;123;2m[48;2;251;135;6m▀[0m[38;2;236;127;4m[48;2;250;135;4m▀[0m[38;2;213;117;8m[48;2;247;137;8m▀[0m[38;2;35;7;0m▀[0m                 
 [38;2;35;6;0m▀[0m [38;2;248;223;183m[48;2;248;220;179m▀[0m[38;2;252;223;175m[48;2;252;218;162m▀[0m[38;2;252;219;161m[48;2;239;190;117m▀[0m[38;2;245;209;152m[48;2;154;105;59m▀[0m [38;2;110;56;3m▀[0m[38;2;51;16;0m▀[0m[38;2;225;117;2m▄[0m[38;2;243;128;1m▄[0m[38;2;244;127;1m▄[0m[38;2;245;127;2m▄[0m[38;2;234;123;2m▄[0m[38;2;198;103;3m▄[0m[38;2;222;118;7m▄[0m[38;2;236;126;9m▄[0m[38;2;37;8;0m▀[0m[38;2;35;7;0m[48;2;65;23;1m▀[0m[38;2;69;26;2m▄[0m[38;2;239;131;9m▄[0m[38;2;245;131;4m[48;2;250;134;3m▀[0m[38;2;250;135;6m[48;2;242;129;6m▀[0m[38;2;243;132;9m[48;2;207;108;6m▀[0m[38;2;206;110;11m▀[0m[38;2;209;114;12m▀[0m[38;2;247;155;41m[48;2;245;214;162m▀[0m[38;2;237;147;40m[48;2;249;219;171m▀[0m[38;2;250;217;165m▄[0m[38;2;35;5;0m▀[0m               
 [38;2;42;18;7m▄[0m [38;2;224;195;156m▀[0m[38;2;234;174;95m[48;2;211;164;104m▀[0m[38;2;132;64;15m▀[0m[38;2;179;87;6m▄[0m[38;2;165;83;5m[48;2;215;115;9m▀[0m[38;2;239;127;10m[48;2;232;127;11m▀[0m[38;2;250;137;10m[48;2;252;138;12m▀[0m[38;2;251;134;5m[48;2;251;138;10m▀[0m[38;2;250;133;3m[48;2;236;129;12m▀[0m[38;2;250;132;3m[48;2;239;131;12m▀[0m[38;2;250;131;3m[48;2;252;135;6m▀[0m[38;2;203;105;4m[48;2;245;129;3m▀[0m[38;2;220;115;2m▄[0m[38;2;162;77;1m[48;2;232;121;2m▀[0m[38;2;248;135;9m[48;2;250;133;3m▀[0m[38;2;249;135;11m[48;2;250;133;4m▀[0m[38;2;179;90;6m[48;2;247;130;3m▀[0m[38;2;244;128;2m▄[0m[38;2;243;133;6m[48;2;236;124;4m▀[0m[38;2;246;133;7m[48;2;177;88;8m▀[0m[38;2;199;109;16m▀[0m[38;2;115;90;61m▄[0m[38;2;156;123;83m[48;2;242;210;159m▀[0m[38;2;245;213;160m[48;2;252;220;166m▀[0m[38;2;252;219;163m[48;2;252;220;167m▀[0m[38;2;251;220;170m[48;2;251;217;165m▀[0m[38;2;251;221;171m[48;2;249;215;164m▀[0m[38;2;37;7;1m▀[0m               
   [38;2;41;9;0m▄[0m[38;2;113;52;2m▄[0m[38;2;179;92;7m[48;2;238;132;9m▀[0m[38;2;238;130;4m[48;2;251;144;11m▀[0m[38;2;211;102;5m▄[0m[38;2;77;33;1m[48;2;199;104;5m▀[0m[38;2;248;138;13m[48;2;250;134;4m▀[0m[38;2;247;133;9m[48;2;246;130;3m▀[0m[38;2;85;37;1m▀[0m [38;2;250;137;11m[48;2;249;133;6m▀[0m[38;2;252;135;6m[48;2;252;136;8m▀[0m[38;2;247;132;6m[48;2;208;112;10m▀[0m[38;2;231;123;6m[48;2;40;11;0m▀[0m[38;2;230;123;6m▀[0m[38;2;247;133;5m[48;2;213;112;4m▀[0m[38;2;250;134;5m[48;2;250;132;3m▀[0m[38;2;249;132;4m[48;2;249;131;3m▀[0m[38;2;241;128;3m[48;2;238;125;5m▀[0m[38;2;213;107;5m▄[0m[38;2;65;36;19m▀[0m[38;2;243;206;159m[48;2;116;70;33m▀[0m[38;2;252;216;159m[48;2;226;163;78m▀[0m[38;2;252;219;163m[48;2;251;195;112m▀[0m[38;2;252;221;168m[48;2;252;222;172m▀[0m[38;2;250;216;162m[48;2;249;219;170m▀[0m[38;2;247;211;156m[48;2;245;212;160m▀[0m                
   [38;2;38;10;0m▀[0m[38;2;148;73;2m[48;2;194;100;0m▀[0m[38;2;251;142;13m[48;2;248;141;2m▀[0m[38;2;252;146;19m[48;2;246;135;4m▀[0m[38;2;249;138;15m[48;2;250;130;3m▀[0m[38;2;250;132;2m[48;2;251;132;2m▀[0m[38;2;251;134;3m[48;2;251;134;4m▀[0m[38;2;251;133;3m[48;2;251;134;5m▀[0m[38;2;250;131;2m[48;2;251;133;4m▀[0m[38;2;250;131;2m[48;2;251;132;3m▀[0m[38;2;252;134;5m[48;2;252;135;4m▀[0m[38;2;252;138;9m[48;2;252;139;7m▀[0m[38;2;224;131;24m[48;2;252;154;31m▀[0m[38;2;136;72;14m[48;2;251;149;26m▀[0m[38;2;43;6;0m[48;2;250;142;16m▀[0m[38;2;229;123;5m[48;2;250;138;7m▀[0m[38;2;250;134;3m[48;2;250;136;5m▀[0m[38;2;251;133;4m[48;2;251;135;5m▀[0m[38;2;250;133;6m[48;2;252;134;6m▀[0m[38;2;246;130;8m[48;2;251;134;7m▀[0m[38;2;165;81;5m[48;2;235;123;6m▀[0m [38;2;39;11;0m[48;2;44;12;1m▀[0m[38;2;247;186;103m[48;2;243;150;31m▀[0m[38;2;251;222;170m[48;2;226;148;49m▀[0m[38;2;236;211;174m[48;2;140;87;42m▀[0m[38;2;72;46;33m[48;2;39;9;2m▀[0m                
  [38;2;37;7;0m▀[0m[38;2;88;31;2m▀[0m[38;2;60;11;0m[48;2;3;94;146m▀[0m[38;2;32;168;221m▄[0m [38;2;234;128;9m[48;2;206;115;12m▀[0m[38;2;251;134;4m[48;2;249;134;7m▀[0m[38;2;251;134;5m[48;2;251;133;3m▀[0m[38;2;252;134;6m[48;2;251;133;5m▀[0m[38;2;252;135;6m[48;2;251;134;5m▀[0m[38;2;251;135;5m[48;2;251;135;6m▀[0m[38;2;251;135;4m[48;2;250;133;4m▀[0m[38;2;250;136;3m[48;2;187;97;2m▀[0m[38;2;221;125;12m▀[0m[38;2;212;118;14m▀[0m[38;2;214;117;12m▀[0m[38;2;240;133;10m[48;2;126;58;2m▀[0m[38;2;251;138;10m[48;2;199;107;12m▀[0m[38;2;252;136;7m[48;2;252;137;10m▀[0m[38;2;251;134;5m[48;2;252;133;4m▀[0m[38;2;250;131;4m[48;2;250;131;2m▀[0m[38;2;249;129;4m[48;2;250;129;2m▀[0m[38;2;179;80;6m[48;2;248;131;6m▀[0m[38;2;132;64;4m[48;2;214;109;6m▀[0m[38;2;207;113;5m▀[0m  [38;2;42;11;2m[48;2;38;15;4m▀[0m[38;2;36;6;1m▀[0m               
    [38;2;2;157;207m[48;2;0;117;175m▀[0m[38;2;60;221;241m▀[0m [38;2;206;114;9m[48;2;202;108;8m▀[0m[38;2;249;134;7m[48;2;250;135;7m▀[0m[38;2;251;133;4m[48;2;251;135;6m▀[0m[38;2;251;133;4m[48;2;251;135;6m▀[0m[38;2;250;133;5m[48;2;251;134;6m▀[0m[38;2;250;133;5m[48;2;249;133;7m▀[0m[38;2;236;128;5m[48;2;247;138;6m▀[0m[38;2;50;20;0m▀[0m[38;2;46;185;212m▄[0m[38;2;90;157;173m▄[0m[38;2;6;165;218m[48;2;73;184;201m▀[0m[38;2;9;196;240m▄[0m[38;2;93;52;6m▀[0m[38;2;243;132;8m[48;2;243;134;2m▀[0m[38;2;251;132;3m[48;2;250;133;3m▀[0m[38;2;250;132;2m[48;2;251;134;4m▀[0m[38;2;250;130;2m[48;2;250;130;2m▀[0m[38;2;249;131;4m[48;2;245;127;1m▀[0m[38;2;196;101;6m[48;2;237;132;5m▀[0m[38;2;41;6;0m[48;2;39;6;0m▀[0m[38;2;38;8;0m▄[0m                  
  [38;2;182;98;3m▄[0m [38;2;2;105;157m[48;2;3;106;150m▀[0m  [38;2;214;111;5m[48;2;199;102;4m▀[0m[38;2;250;134;6m[48;2;246;128;4m▀[0m[38;2;251;134;5m[48;2;246;126;2m▀[0m[38;2;252;135;6m[48;2;242;126;3m▀[0m[38;2;251;135;7m[48;2;247;132;4m▀[0m[38;2;249;134;9m[48;2;247;131;4m▀[0m[38;2;249;138;6m[48;2;243;134;5m▀[0m  [38;2;4;101;133m▀[0m [38;2;2;178;235m[48;2;7;182;239m▀[0m [38;2;249;138;4m[48;2;252;140;6m▀[0m[38;2;250;137;11m[48;2;250;138;12m▀[0m[38;2;221;116;8m[48;2;171;86;6m▀[0m[38;2;178;86;3m[48;2;54;12;0m▀[0m[38;2;211;104;2m[48;2;165;79;4m▀[0m[38;2;244;134;8m▄[0m  [38;2;46;17;3m▄[0m                 
[38;2;36;8;0m▀[0m[38;2;91;37;1m[48;2;84;36;1m▀[0m[38;2;237;131;8m[48;2;246;130;1m▀[0m[38;2;200;124;28m[48;2;245;128;9m▀[0m[38;2;150;83;24m▄[0m[38;2;223;196;145m▄[0m[38;2;241;226;180m[48;2;232;205;156m▀[0m   [38;2;145;77;14m[48;2;180;143;102m▀[0m[38;2;247;179;89m[48;2;251;219;163m▀[0m[38;2;243;133;12m[48;2;249;202;135m▀[0m[38;2;249;138;6m[48;2;239;197;118m▀[0m   [38;2;8;199;246m▄[0m[38;2;10;178;236m▀[0m [38;2;243;133;4m[48;2;237;124;1m▀[0m[38;2;250;133;3m[48;2;251;131;1m▀[0m[38;2;224;118;6m[48;2;251;133;3m▀[0m[38;2;184;94;8m[48;2;248;136;10m▀[0m[38;2;224;119;8m[48;2;250;136;10m▀[0m[38;2;251;137;9m[48;2;249;136;10m▀[0m[38;2;235;133;5m[48;2;150;74;4m▀[0m[38;2;41;9;0m▄[0m[38;2;37;9;0m▄[0m                 
  [38;2;238;129;5m▀[0m[38;2;250;170;70m[48;2;250;215;148m▀[0m[38;2;251;215;153m[48;2;252;223;171m▀[0m[38;2;251;222;167m[48;2;248;222;178m▀[0m[38;2;249;218;167m▀[0m[38;2;230;192;144m[48;2;127;100;70m▀[0m [38;2;215;182;140m[48;2;218;186;143m▀[0m[38;2;251;218;167m[48;2;243;211;162m▀[0m[38;2;251;218;163m[48;2;62;48;31m▀[0m[38;2;252;220;166m[48;2;229;201;154m▀[0m[38;2;252;222;173m[48;2;252;221;170m▀[0m[38;2;190;167;126m[48;2;251;220;166m▀[0m[38;2;105;88;63m[48;2;242;207;148m▀[0m[38;2;247;166;50m▄[0m[38;2;7;85;117m[48;2;248;129;11m▀[0m[38;2;146;101;43m[48;2;246;131;15m▀[0m[38;2;217;115;8m[48;2;249;133;14m▀[0m[38;2;248;128;5m▀[0m[38;2;249;128;4m▀[0m[38;2;235;119;2m[48;2;245;126;4m▀[0m[38;2;122;55;1m[48;2;194;99;3m▀[0m[38;2;181;92;4m[48;2;208;109;5m▀[0m[38;2;40;6;0m[48;2;117;50;3m▀[0m [38;2;35;6;0m▀[0m         [38;2;40;25;16m▄[0m   [38;2;38;7;0m▀[0m[38;2;36;7;1m[48;2;38;8;1m▀[0m[38;2;35;7;1m▄[0m  
 [38;2;38;9;0m▀[0m[38;2;55;25;11m▀[0m [38;2;245;217;167m[48;2;114;84;61m▀[0m[38;2;248;217;167m[48;2;241;212;163m▀[0m[38;2;229;207;159m[48;2;248;214;158m▀[0m[38;2;248;217;165m▄[0m[38;2;198;175;129m[48;2;249;219;171m▀[0m[38;2;206;176;135m▄[0m[38;2;181;151;113m▄[0m[38;2;100;83;67m[48;2;251;222;172m▀[0m[38;2;241;214;167m[48;2;252;221;169m▀[0m[38;2;252;220;167m[48;2;252;219;166m▀[0m[38;2;252;218;162m[48;2;252;218;163m▀[0m[38;2;252;217;157m[48;2;252;218;162m▀[0m[38;2;251;192;102m[48;2;252;212;149m▀[0m[38;2;249;133;7m[48;2;250;168;73m▀[0m[38;2;249;131;9m[48;2;249;131;5m▀[0m[38;2;248;134;13m[48;2;249;134;9m▀[0m[38;2;93;37;2m[48;2;199;102;7m▀[0m[38;2;94;39;2m[48;2;204;110;10m▀[0m[38;2;239;127;8m[48;2;251;141;13m▀[0m[38;2;246;132;4m[48;2;213;111;4m▀[0m[38;2;239;128;4m[48;2;148;66;3m▀[0m[38;2;201;98;1m▀[0m           [38;2;35;8;1m▀[0m[38;2;37;7;0m[48;2;177;148;115m▀[0m[38;2;225;196;153m[48;2;244;218;171m▀[0m[38;2;246;216;167m[48;2;251;223;174m▀[0m[38;2;247;220;167m[48;2;251;222;171m▀[0m[38;2;245;219;171m[48;2;249;223;177m▀[0m[38;2;164;135;107m▄[0m  
     [38;2;175;149;114m[48;2;36;9;1m▀[0m[38;2;206;174;135m[48;2;44;12;4m▀[0m[38;2;215;187;149m[48;2;99;68;48m▀[0m[38;2;247;221;179m[48;2;138;107;78m▀[0m[38;2;248;220;173m[48;2;130;99;66m▀[0m[38;2;250;218;163m[48;2;224;192;143m▀[0m[38;2;252;218;164m[48;2;246;214;161m▀[0m[38;2;252;220;167m[48;2;251;220;167m▀[0m[38;2;252;220;168m[48;2;251;221;168m▀[0m[38;2;252;220;168m[48;2;252;221;169m▀[0m[38;2;252;220;169m[48;2;252;222;172m▀[0m[38;2;252;221;169m[48;2;252;211;147m▀[0m[38;2;252;196;127m[48;2;251;148;32m▀[0m[38;2;250;132;7m[48;2;248;131;5m▀[0m[38;2;249;131;4m[48;2;239;125;2m▀[0m[38;2;245;129;3m[48;2;178;88;6m▀[0m[38;2;239;128;4m[48;2;180;96;1m▀[0m[38;2;211;109;10m▀[0m[38;2;129;61;2m▀[0m[38;2;38;7;0m▀[0m[38;2;55;26;4m▄[0m        [38;2;36;9;2m▄[0m[38;2;36;10;4m[48;2;41;11;2m▀[0m[38;2;137;111;84m▄[0m[38;2;184;149;107m[48;2;226;214;176m▀[0m[38;2;249;219;166m[48;2;198;215;185m▀[0m[38;2;252;222;169m[48;2;201;216;187m▀[0m[38;2;252;222;170m[48;2;244;222;176m▀[0m[38;2;252;223;172m[48;2;252;223;174m▀[0m[38;2;252;223;173m[48;2;252;223;174m▀[0m[38;2;248;222;174m[48;2;248;221;175m▀[0m [38;2;35;5;0m▄[0m
      [38;2;41;10;3m▀[0m[38;2;39;8;0m▀[0m[38;2;53;34;23m▄[0m  [38;2;77;51;34m[48;2;139;113;85m▀[0m[38;2;250;219;167m[48;2;250;221;171m▀[0m[38;2;252;220;166m[48;2;252;221;167m▀[0m[38;2;252;221;167m[48;2;252;220;166m▀[0m[38;2;252;214;152m[48;2;251;211;147m▀[0m[38;2;250;166;64m[48;2;249;161;59m▀[0m[38;2;250;131;5m[48;2;248;130;4m▀[0m[38;2;248;129;3m[48;2;250;132;6m▀[0m[38;2;234;123;3m[48;2;236;124;6m▀[0m[38;2;203;102;2m▄[0m[38;2;246;128;1m▄[0m[38;2;150;70;0m▄[0m[38;2;39;7;0m▄[0m[38;2;38;7;0m▄[0m[38;2;38;8;0m▄[0m          [38;2;162;209;199m[48;2;3;198;252m▀[0m[38;2;102;202;220m[48;2;4;193;248m▀[0m[38;2;8;190;245m[48;2;0;187;246m▀[0m[38;2;12;188;241m[48;2;0;184;243m▀[0m[38;2;127;205;211m[48;2;3;182;238m▀[0m[38;2;232;221;180m[48;2;110;204;214m▀[0m[38;2;248;222;175m[48;2;228;215;179m▀[0m[38;2;203;177;142m▀[0m  
        [38;2;38;8;0m▄[0m [38;2;242;216;169m[48;2;215;182;132m▀[0m[38;2;250;222;174m[48;2;251;218;161m▀[0m[38;2;252;221;169m[48;2;252;220;164m▀[0m[38;2;252;220;168m[48;2;253;219;164m▀[0m[38;2;252;220;167m[48;2;252;218;161m▀[0m[38;2;252;214;156m[48;2;250;193;115m▀[0m[38;2;250;180;92m[48;2;251;138;15m▀[0m[38;2;251;135;12m[48;2;251;137;16m▀[0m[38;2;251;135;11m[48;2;176;85;5m▀[0m[38;2;247;132;9m▀[0m[38;2;249;133;7m[48;2;189;99;7m▀[0m[38;2;250;134;8m[48;2;250;136;10m▀[0m[38;2;226;120;7m[48;2;251;134;5m▀[0m[38;2;192;100;5m[48;2;247;133;3m▀[0m[38;2;124;54;2m[48;2;238;127;3m▀[0m[38;2;52;14;0m[48;2;187;91;3m▀[0m        [38;2;39;7;0m[48;2;39;6;0m▀[0m[38;2;36;7;0m▀[0m[38;2;0;186;249m[48;2;0;180;233m▀[0m[38;2;1;167;224m[48;2;3;100;140m▀[0m[38;2;1;193;239m▀[0m[38;2;0;203;250m▀[0m[38;2;2;178;234m[48;2;5;159;210m▀[0m[38;2;6;183;235m[48;2;5;163;203m▀[0m [38;2;36;10;3m▀[0m[38;2;38;26;17m▀[0m 
        [38;2;40;7;0m[48;2;35;6;0m▀[0m[38;2;43;11;2m▀[0m[38;2;219;186;139m[48;2;138;110;78m▀[0m[38;2;251;219;162m[48;2;246;216;162m▀[0m[38;2;252;220;164m[48;2;252;221;168m▀[0m[38;2;252;219;164m[48;2;252;222;171m▀[0m[38;2;253;217;157m[48;2;252;203;130m▀[0m[38;2;250;163;62m[48;2;252;144;24m▀[0m[38;2;251;134;9m[48;2;252;137;11m▀[0m[38;2;249;135;12m[48;2;252;137;10m▀[0m[38;2;97;35;1m[48;2;247;134;8m▀[0m[38;2;245;132;7m▄[0m[38;2;179;91;5m[48;2;249;136;8m▀[0m[38;2;251;138;10m[48;2;252;137;8m▀[0m[38;2;251;135;5m[48;2;251;136;5m▀[0m[38;2;224;119;3m[48;2;234;132;9m▀[0m[38;2;141;67;4m▀[0m[38;2;156;73;2m[48;2;111;47;1m▀[0m[38;2;227;121;3m[48;2;244;128;2m▀[0m[38;2;207;108;5m▄[0m [38;2;35;9;0m[48;2;43;10;0m▀[0m[38;2;42;11;0m▄[0m   [38;2;36;5;0m▀[0m   [38;2;243;130;9m▄[0m[38;2;226;118;5m▄[0m      
         [38;2;35;6;0m▄[0m[38;2;41;9;0m▄[0m[38;2;210;174;130m[48;2;129;98;67m▀[0m[38;2;251;222;171m[48;2;222;194;152m▀[0m[38;2;252;224;177m[48;2;250;224;185m▀[0m[38;2;245;199;137m[48;2;248;232;196m▀[0m[38;2;249;133;10m▀[0m[38;2;249;135;8m[48;2;245;133;8m▀[0m[38;2;251;136;7m[48;2;251;136;6m▀[0m[38;2;252;137;8m[48;2;251;137;8m▀[0m[38;2;251;135;7m[48;2;250;134;5m▀[0m[38;2;250;133;5m[48;2;250;132;3m▀[0m[38;2;249;133;3m[48;2;235;126;3m▀[0m[38;2;249;133;2m▀[0m[38;2;237;126;4m[48;2;237;127;8m▀[0m[38;2;214;111;4m[48;2;183;92;6m▀[0m[38;2;224;116;2m[48;2;169;83;2m▀[0m[38;2;247;130;2m[48;2;250;135;8m▀[0m[38;2;247;132;5m[48;2;251;136;7m▀[0m[38;2;202;105;7m[48;2;239;129;8m▀[0m[38;2;50;10;0m[48;2;176;86;0m▀[0m[38;2;41;9;0m▀[0m[38;2;37;19;3m▀[0m   [38;2;40;8;0m▄[0m[38;2;93;40;1m▄[0m[38;2;248;139;10m[48;2;251;146;9m▀[0m[38;2;250;135;7m[48;2;246;132;5m▀[0m[38;2;247;129;2m[48;2;246;130;2m▀[0m[38;2;234;126;2m[48;2;238;127;4m▀[0m     
         [38;2;35;6;0m▀[0m[38;2;218;108;0m[48;2;209;105;1m▀[0m[38;2;112;49;0m[48;2;158;77;4m▀[0m[38;2;101;68;42m▀[0m[38;2;232;205;169m▀[0m[38;2;248;231;196m▀[0m [38;2;248;137;10m[48;2;244;133;7m▀[0m[38;2;178;88;5m[48;2;101;41;3m▀[0m [38;2;241;128;9m[48;2;236;122;7m▀[0m[38;2;250;132;6m[48;2;250;133;7m▀[0m[38;2;249;137;4m[48;2;253;139;2m▀[0m [38;2;51;13;0m▀[0m[38;2;93;39;0m[48;2;178;91;3m▀[0m[38;2;200;105;8m[48;2;248;133;5m▀[0m[38;2;250;139;13m[48;2;205;108;5m▀[0m[38;2;230;125;10m[48;2;39;11;0m▀[0m[38;2;241;127;4m▀[0m[38;2;233;121;1m[48;2;244;132;5m▀[0m[38;2;202;100;0m[48;2;189;95;2m▀[0m[38;2;42;8;0m▄[0m[38;2;44;20;4m[48;2;42;11;0m▀[0m [38;2;36;8;0m▄[0m[38;2;42;9;0m[48;2;40;8;0m▀[0m[38;2;38;7;0m▀[0m[38;2;244;139;7m▄[0m[38;2;236;128;7m[48;2;246;134;6m▀[0m[38;2;247;133;3m[48;2;248;136;7m▀[0m[38;2;247;133;3m[48;2;244;129;2m▀[0m[38;2;36;5;0m▀[0m[38;2;35;5;0m▄[0m   
         [38;2;36;7;0m▀[0m[38;2;216;113;4m[48;2;212;112;4m▀[0m[38;2;242;131;9m[48;2;250;135;6m▀[0m[38;2;129;56;6m[48;2;248;134;8m▀[0m[38;2;51;15;0m[48;2;246;137;4m▀[0m  [38;2;243;132;5m[48;2;243;131;4m▀[0m[38;2;202;102;3m[48;2;250;133;3m▀[0m[38;2;201;102;7m[48;2;249;132;4m▀[0m[38;2;238;127;6m[48;2;248;134;9m▀[0m[38;2;235;125;6m[48;2;229;122;8m▀[0m[38;2;110;50;1m[48;2;57;14;0m▀[0m[38;2;39;7;0m[48;2;43;7;0m▀[0m[38;2;138;66;5m[48;2;232;122;6m▀[0m[38;2;249;134;7m[48;2;249;135;7m▀[0m[38;2;250;133;3m[48;2;250;133;3m▀[0m[38;2;199;103;4m[48;2;248;132;4m▀[0m[38;2;41;12;0m[48;2;247;130;4m▀[0m[38;2;139;66;2m[48;2;249;130;2m▀[0m[38;2;249;138;10m[48;2;249;131;2m▀[0m[38;2;219;115;8m[48;2;248;130;3m▀[0m[38;2;116;50;1m[48;2;194;97;3m▀[0m[38;2;42;9;0m[48;2;41;8;0m▀[0m [38;2;39;9;0m▄[0m[38;2;143;64;0m▄[0m[38;2;188;95;2m▄[0m[38;2;247;132;2m[48;2;249;134;3m▀[0m[38;2;251;136;4m[48;2;248;133;1m▀[0m[38;2;241;133;6m[48;2;216;119;5m▀[0m[38;2;112;49;0m▀[0m[38;2;48;22;1m▄[0m    
        [38;2;36;7;0m▀[0m[38;2;39;8;0m▄[0m[38;2;213;114;6m[48;2;48;12;0m▀[0m[38;2;249;134;3m[48;2;189;100;8m▀[0m[38;2;249;132;5m[48;2;238;127;3m▀[0m[38;2;224;120;4m[48;2;239;133;2m▀[0m[38;2;37;5;0m▀[0m[38;2;60;18;0m▄[0m[38;2;246;136;11m[48;2;130;62;6m▀[0m[38;2;250;137;11m[48;2;219;118;11m▀[0m[38;2;250;134;8m[48;2;250;134;9m▀[0m[38;2;249;132;6m[48;2;247;130;4m▀[0m[38;2;221;114;3m[48;2;177;93;4m▀[0m[38;2;38;7;0m▀[0m[38;2;38;6;0m▀[0m[38;2;229;126;3m▀[0m[38;2;249;141;7m[48;2;39;8;0m▀[0m[38;2;252;137;4m[48;2;61;17;0m▀[0m[38;2;243;129;7m[48;2;186;92;6m▀[0m[38;2;249;131;4m[48;2;239;124;3m▀[0m[38;2;230;119;2m[48;2;191;94;1m▀[0m[38;2;166;80;1m[48;2;55;13;0m▀[0m[38;2;218;110;1m[48;2;190;93;1m▀[0m[38;2;216;112;3m[48;2;209;111;2m▀[0m [38;2;88;36;1m[48;2;44;9;0m▀[0m[38;2;245;133;3m[48;2;246;134;3m▀[0m[38;2;187;94;2m[48;2;243;129;1m▀[0m[38;2;231;122;1m▄[0m[38;2;246;132;3m[48;2;205;105;1m▀[0m[38;2;240;127;2m▀[0m [38;2;38;11;0m▄[0m     
       [38;2;251;235;188m▄[0m[38;2;223;192;146m▄[0m[38;2;249;215;164m▄[0m[38;2;250;217;170m▄[0m[38;2;168;98;29m[48;2;228;193;142m▀[0m[38;2;210;113;5m[48;2;46;15;4m▀[0m  [38;2;245;212;159m▄[0m[38;2;249;212;157m▄[0m[38;2;204;120;25m[48;2;249;213;158m▀[0m[38;2;250;141;19m[48;2;251;189;112m▀[0m[38;2;246;132;7m[48;2;239;138;33m▀[0m[38;2;108;48;4m▄[0m[38;2;36;6;0m▄[0m[38;2;71;38;18m▄[0m[38;2;237;211;163m▄[0m[38;2;247;215;160m▄[0m[38;2;247;213;155m▄[0m[38;2;245;200;125m▄[0m[38;2;218;106;0m[48;2;224;121;24m▀[0m[38;2;145;63;0m[48;2;87;35;3m▀[0m[38;2;162;75;1m[48;2;196;99;4m▀[0m[38;2;237;122;1m[48;2;247;130;3m▀[0m[38;2;214;116;3m[48;2;187;96;2m▀[0m[38;2;39;7;0m▄[0m[38;2;100;46;0m▀[0m[38;2;222;119;3m▀[0m[38;2;221;115;1m▀[0m[38;2;203;104;0m▀[0m [38;2;35;4;0m▀[0m[38;2;56;22;0m▀[0m      
     [38;2;35;6;0m▄[0m [38;2;241;214;166m[48;2;243;215;168m▀[0m[38;2;245;216;163m▀[0m[38;2;248;216;164m[48;2;249;230;182m▀[0m[38;2;250;221;173m[48;2;248;219;168m▀[0m[38;2;155;120;88m[48;2;150;118;83m▀[0m[38;2;39;11;3m▀[0m[38;2;165;136;104m[48;2;142;107;73m▀[0m[38;2;248;220;172m[48;2;244;216;170m▀[0m[38;2;245;210;155m▀[0m[38;2;250;214;157m[48;2;223;194;152m▀[0m[38;2;251;216;162m[48;2;248;215;164m▀[0m[38;2;247;220;173m[48;2;231;195;150m▀[0m[38;2;232;206;171m▀[0m[38;2;35;11;4m▀[0m[38;2;86;56;39m▀[0m[38;2;217;192;151m[48;2;248;222;173m▀[0m[38;2;248;220;170m[48;2;241;206;156m▀[0m[38;2;247;216;162m[48;2;72;47;32m▀[0m[38;2;251;219;165m[48;2;247;224;183m▀[0m[38;2;252;219;162m[48;2;250;222;176m▀[0m[38;2;250;211;147m[48;2;250;218;166m▀[0m[38;2;243;153;55m[48;2;249;178;83m▀[0m[38;2;245;132;6m[48;2;244;134;4m▀[0m[38;2;240;128;2m[48;2;222;120;2m▀[0m[38;2;212;115;4m▀[0m   [38;2;35;7;0m▀[0m[38;2;35;7;0m▀[0m         
       [38;2;122;91;64m▀[0m [38;2;119;94;65m▀[0m[38;2;107;84;59m▀[0m[38;2;62;45;30m▀[0m [38;2;99;72;48m[48;2;37;6;0m▀[0m[38;2;148;116;82m[48;2;39;7;1m▀[0m[38;2;36;6;0m▄[0m[38;2;132;108;81m[48;2;36;7;0m▀[0m[38;2;138;109;78m▀[0m[38;2;101;80;56m▀[0m   [38;2;152;120;87m[48;2;35;5;0m▀[0m[38;2;131;103;73m▀[0m [38;2;151;124;94m▀[0m[38;2;157;130;100m▀[0m[38;2;158;128;95m▀[0m[38;2;176;114;54m▀[0m[38;2;131;62;3m[48;2;35;6;0m▀[0m[38;2;37;6;0m▄[0m               
