
  [12] chirping
       [38;2;0;180;244m[48;2;0;179;242m▀[0m[38;2;0;178;237m[48;2;0;175;232m▀[0m                                     
       [38;2;0;179;242m[48;2;0;178;242m▀[0m[38;2;0;173;231m[48;2;0;173;231m▀[0m                                     
[38;2;0;184;244m[48;2;0;182;243m▀[0m[38;2;0;181;239m[48;2;0;181;241m▀[0m     [38;2;0;172;232m▀[0m[38;2;0;168;219m▀[0m   [38;2;37;6;0m▄[0m                                 
[38;2;1;110;145m▀[0m[38;2;0;172;230m[48;2;1;166;218m▀[0m[38;2;0;175;233m[48;2;1;166;219m▀[0m[38;2;2;120;158m[48;2;0;177;236m▀[0m[38;2;1;176;232m▄[0m    [38;2;40;26;17m▄[0m [38;2;40;10;1m[48;2;92;38;3m▀[0m[38;2;70;22;1m[48;2;183;90;1m▀[0m[38;2;246;132;3m▄[0m[38;2;247;134;5m▄[0m[38;2;214;114;7m▄[0m[38;2;38;8;0m[48;2;36;9;0m▀[0m                             
  [38;2;7;45;54m▀[0m[38;2;0;173;233m[48;2;0;177;235m▀[0m[38;2;0;169;224m[48;2;0;170;222m▀[0m     [38;2;35;12;3m[48;2;210;182;137m▀[0m[38;2;233;191;117m[48;2;249;217;159m▀[0m[38;2;212;123;19m[48;2;228;174;107m▀[0m[38;2;188;137;85m▄[0m[38;2;242;130;7m▀[0m[38;2;245;132;4m[48;2;207;108;2m▀[0m[38;2;227;121;2m[48;2;222;120;5m▀[0m  [38;2;40;10;1m▄[0m[38;2;44;9;0m▄[0m[38;2;42;9;0m▄[0m       [38;2;39;6;0m▄[0m[38;2;35;6;0m[48;2;39;6;0m▀[0m               
        [38;2;36;7;0m▄[0m [38;2;247;219;169m[48;2;226;198;154m▀[0m[38;2;246;216;167m[48;2;116;83;56m▀[0m[38;2;238;206;161m▀[0m  [38;2;150;72;2m▄[0m[38;2;213;111;6m▄[0m[38;2;205;106;5m▄[0m [38;2;38;6;0m[48;2;145;72;0m▀[0m[38;2;36;5;0m[48;2;205;106;1m▀[0m[38;2;238;134;2m▄[0m  [38;2;36;8;0m▄[0m[38;2;39;9;0m▄[0m[38;2;42;8;0m▄[0m[38;2;201;110;8m▄[0m[38;2;242;147;6m[48;2;245;135;6m▀[0m[38;2;249;140;5m[48;2;248;132;3m▀[0m[38;2;250;142;4m[48;2;248;130;3m▀[0m[38;2;246;140;5m[48;2;248;133;6m▀[0m[38;2;52;11;0m[48;2;230;125;9m▀[0m[38;2;37;8;0m[48;2;136;68;2m▀[0m[38;2;35;9;0m▀[0m           
        [38;2;42;9;1m[48;2;42;11;2m▀[0m[38;2;36;7;0m▄[0m[38;2;46;18;6m▀[0m[38;2;228;113;2m▄[0m[38;2;201;99;3m[48;2;156;74;1m▀[0m[38;2;239;123;0m[48;2;237;123;3m▀[0m[38;2;244;126;1m[48;2;244;128;3m▀[0m[38;2;245;130;5m[48;2;129;61;2m▀[0m[38;2;248;136;12m[48;2;111;50;3m▀[0m[38;2;247;137;13m[48;2;243;135;12m▀[0m[38;2;202;105;6m[48;2;251;135;8m▀[0m[38;2;226;119;3m[48;2;250;136;9m▀[0m[38;2;248;133;2m[48;2;250;137;9m▀[0m[38;2;240;130;6m[48;2;251;137;7m▀[0m[38;2;221;120;9m[48;2;250;136;6m▀[0m[38;2;245;130;1m▄[0m [38;2;104;45;0m▄[0m[38;2;200;107;7m[48;2;239;132;5m▀[0m[38;2;245;139;12m[48;2;251;142;9m▀[0m[38;2;250;141;12m[48;2;227;123;9m▀[0m[38;2;238;130;10m▀[0m[38;2;227;118;7m▀[0m[38;2;238;128;10m[48;2;214;166;104m▀[0m[38;2;247;136;12m[48;2;250;206;141m▀[0m[38;2;235;200;147m▄[0m[38;2;84;58;38m▄[0m [38;2;36;13;4m▄[0m         
        [38;2;35;8;0m▀[0m[38;2;99;40;2m[48;2;217;114;5m▀[0m[38;2;241;130;12m[48;2;246;130;4m▀[0m[38;2;167;79;2m[48;2;235;124;8m▀[0m[38;2;72;25;0m[48;2;221;115;5m▀[0m[38;2;236;125;4m[48;2;247;131;2m▀[0m[38;2;245;131;6m[48;2;248;133;1m▀[0m[38;2;40;10;0m[48;2;220;116;2m▀[0m[38;2;160;82;4m[48;2;240;128;5m▀[0m[38;2;246;133;5m[48;2;250;134;5m▀[0m[38;2;248;132;4m[48;2;220;115;4m▀[0m[38;2;190;96;5m[48;2;71;27;1m▀[0m[38;2;153;75;7m[48;2;49;15;0m▀[0m[38;2;243;134;12m[48;2;140;70;3m▀[0m[38;2;251;137;7m[48;2;251;137;8m▀[0m[38;2;249;134;4m[48;2;252;136;6m▀[0m[38;2;248;133;2m[48;2;251;135;6m▀[0m[38;2;199;101;3m[48;2;250;134;5m▀[0m[38;2;248;140;6m▀[0m[38;2;142;72;6m▀[0m[38;2;88;61;32m▄[0m[38;2;64;36;17m[48;2;197;166;124m▀[0m[38;2;243;218;179m[48;2;251;219;167m▀[0m[38;2;225;193;143m[48;2;252;220;168m▀[0m[38;2;252;218;160m[48;2;252;221;170m▀[0m[38;2;249;218;167m[48;2;249;222;178m▀[0m[38;2;86;60;39m[48;2;89;63;43m▀[0m[38;2;40;7;0m[48;2;39;6;0m▀[0m[38;2;39;14;3m▀[0m         
      [38;2;36;7;0m▄[0m[38;2;105;53;6m▄[0m[38;2;226;121;0m▀[0m [38;2;182;96;2m[48;2;53;23;0m▀[0m[38;2;249;135;7m[48;2;235;125;4m▀[0m[38;2;251;135;6m[48;2;251;134;4m▀[0m[38;2;251;135;5m[48;2;251;136;6m▀[0m[38;2;251;135;4m[48;2;252;137;7m▀[0m[38;2;251;134;4m[48;2;252;136;6m▀[0m[38;2;251;134;4m[48;2;251;135;5m▀[0m[38;2;251;134;4m[48;2;250;134;3m▀[0m[38;2;238;127;5m[48;2;249;132;3m▀[0m[38;2;181;92;5m[48;2;248;132;4m▀[0m[38;2;178;91;3m[48;2;248;131;3m▀[0m[38;2;189;95;2m[48;2;249;131;3m▀[0m[38;2;250;134;4m[48;2;250;134;5m▀[0m[38;2;252;135;6m[48;2;252;136;7m▀[0m[38;2;252;136;8m[48;2;252;136;7m▀[0m[38;2;251;138;10m[48;2;251;138;10m▀[0m[38;2;253;147;15m▄[0m[38;2;225;118;14m▄[0m[38;2;205;172;131m[48;2;35;11;2m▀[0m[38;2;252;217;161m[48;2;226;160;77m▀[0m[38;2;252;220;166m[48;2;251;195;119m▀[0m[38;2;252;222;171m[48;2;252;223;173m▀[0m[38;2;252;222;171m[48;2;252;222;171m▀[0m[38;2;249;221;174m[48;2;204;172;130m▀[0m[38;2;87;64;41m[48;2;40;21;8m▀[0m           
      [38;2;35;7;0m▀[0m [38;2;21;154;192m[48;2;0;86;126m▀[0m[38;2;67;194;235m[48;2;1;40;69m▀[0m [38;2;239;132;1m[48;2;249;141;3m▀[0m[38;2;251;135;2m[48;2;252;137;4m▀[0m[38;2;252;137;5m[48;2;252;137;5m▀[0m[38;2;253;138;7m[48;2;252;137;6m▀[0m[38;2;252;137;8m[48;2;251;137;6m▀[0m[38;2;252;138;8m[48;2;249;136;9m▀[0m[38;2;251;136;7m[48;2;232;123;8m▀[0m[38;2;158;80;3m▀[0m [38;2;4;61;99m▄[0m[38;2;155;84;5m▀[0m[38;2;242;131;6m[48;2;209;106;6m▀[0m[38;2;250;134;6m[48;2;249;135;6m▀[0m[38;2;250;134;5m[48;2;251;135;5m▀[0m[38;2;251;135;6m[48;2;251;136;6m▀[0m[38;2;249;136;10m[48;2;251;136;8m▀[0m[38;2;232;130;15m[48;2;241;131;12m▀[0m[38;2;45;10;0m▄[0m[38;2;118;53;4m[48;2;190;101;12m▀[0m[38;2;248;180;91m[48;2;247;170;63m▀[0m[38;2;251;219;163m[48;2;235;167;76m▀[0m[38;2;225;194;147m[48;2;150;103;46m▀[0m[38;2;96;63;42m[48;2;36;5;0m▀[0m[38;2;36;7;0m▄[0m           
     [38;2;102;48;1m▄[0m[38;2;39;7;1m[48;2;169;84;3m▀[0m [38;2;0;18;35m▀[0m [38;2;62;29;8m▄[0m[38;2;241;137;12m[48;2;226;124;10m▀[0m[38;2;252;140;9m[48;2;234;128;12m▀[0m[38;2;252;137;5m[48;2;241;134;10m▀[0m[38;2;251;135;5m[48;2;251;136;8m▀[0m[38;2;250;134;4m[48;2;249;134;6m▀[0m[38;2;239;129;4m[48;2;244;134;8m▀[0m  [38;2;30;186;232m▀[0m[38;2;127;215;232m[48;2;15;37;42m▀[0m[38;2;11;155;206m[48;2;7;190;247m▀[0m [38;2;244;135;9m[48;2;248;134;6m▀[0m[38;2;252;137;7m[48;2;252;134;5m▀[0m[38;2;252;137;7m[48;2;251;135;6m▀[0m[38;2;251;135;6m[48;2;251;135;5m▀[0m[38;2;248;134;5m[48;2;251;135;6m▀[0m[38;2;138;68;3m[48;2;247;132;3m▀[0m[38;2;104;40;2m[48;2;61;15;0m▀[0m[38;2;55;11;0m▀[0m[38;2;77;21;0m[48;2;41;8;0m▀[0m[38;2;37;6;0m▄[0m[38;2;36;21;9m▄[0m            
   [38;2;37;8;0m▀[0m[38;2;36;8;1m[48;2;35;9;1m▀[0m[38;2;238;130;7m[48;2;245;134;10m▀[0m[38;2;242;130;3m[48;2;251;135;8m▀[0m[38;2;239;148;26m[48;2;235;137;26m▀[0m[38;2;193;144;80m▄[0m[38;2;246;219;169m▄[0m[38;2;190;159;106m[48;2;242;215;168m▀[0m  [38;2;214;183;133m▄[0m[38;2;250;177;76m[48;2;251;221;166m▀[0m[38;2;250;153;36m[48;2;250;204;136m▀[0m[38;2;245;141;19m[48;2;243;162;59m▀[0m    [38;2;3;196;247m[48;2;0;193;239m▀[0m [38;2;244;128;2m[48;2;247;131;6m▀[0m[38;2;251;131;2m[48;2;250;134;7m▀[0m[38;2;251;133;4m[48;2;227;120;5m▀[0m[38;2;252;137;7m[48;2;227;120;5m▀[0m[38;2;251;139;12m[48;2;239;132;9m▀[0m[38;2;239;133;9m▀[0m[38;2;76;28;1m▀[0m[38;2;37;6;0m▀[0m[38;2;36;10;0m▀[0m              
     [38;2;242;131;4m[48;2;224;119;5m▀[0m[38;2;250;145;23m[48;2;250;188;96m▀[0m[38;2;252;201;117m[48;2;252;222;169m▀[0m[38;2;252;220;158m[48;2;252;222;169m▀[0m[38;2;252;221;165m[48;2;250;223;175m▀[0m[38;2;238;210;162m[48;2;238;204;158m▀[0m[38;2;210;175;130m▀[0m[38;2;89;55;36m▀[0m[38;2;241;209;158m▀[0m[38;2;252;219;166m[48;2;233;201;152m▀[0m[38;2;251;220;167m[48;2;252;216;159m▀[0m[38;2;240;214;168m[48;2;251;217;161m▀[0m[38;2;54;42;29m[48;2;246;214;160m▀[0m[38;2;123;105;74m▄[0m [38;2;2;82;120m▄[0m[38;2;2;180;227m[48;2;49;53;43m▀[0m[38;2;220;114;4m▄[0m[38;2;248;132;6m[48;2;250;133;4m▀[0m[38;2;248;138;16m[48;2;251;137;10m▀[0m[38;2;128;62;4m[48;2;253;138;7m▀[0m[38;2;36;8;0m[48;2;253;139;7m▀[0m[38;2;222;124;11m[48;2;244;135;11m▀[0m[38;2;247;139;9m[48;2;243;134;10m▀[0m[38;2;207;107;5m[48;2;219;117;3m▀[0m[38;2;48;10;0m▀[0m [38;2;36;12;2m▀[0m             
    [38;2;38;11;0m▀[0m[38;2;50;17;5m[48;2;39;9;0m▀[0m[38;2;216;184;136m▀[0m[38;2;251;220;170m[48;2;220;188;142m▀[0m[38;2;252;221;170m[48;2;249;217;164m▀[0m[38;2;248;222;177m[48;2;250;218;164m▀[0m[38;2;214;179;137m[48;2;226;192;145m▀[0m[38;2;128;11;17m[48;2;78;17;10m▀[0m[38;2;205;30;28m[48;2;213;37;31m▀[0m[38;2;140;27;24m[48;2;75;9;6m▀[0m[38;2;239;212;161m[48;2;244;217;170m▀[0m[38;2;252;218;163m[48;2;252;221;170m▀[0m[38;2;252;219;166m[48;2;252;220;169m▀[0m[38;2;252;221;169m[48;2;252;220;169m▀[0m[38;2;248;200;131m[48;2;252;216;159m▀[0m[38;2;236;129;8m[48;2;251;181;90m▀[0m[38;2;234;125;5m[48;2;251;136;10m▀[0m[38;2;241;129;7m[48;2;251;136;11m▀[0m[38;2;250;136;9m[48;2;238;130;13m▀[0m[38;2;227;121;8m[48;2;57;19;0m▀[0m[38;2;230;121;4m▀[0m[38;2;249;131;2m[48;2;246;129;2m▀[0m[38;2;246;129;3m[48;2;246;129;3m▀[0m[38;2;213;108;4m[48;2;230;122;3m▀[0m[38;2;114;48;0m[48;2;219;113;1m▀[0m[38;2;41;8;0m[48;2;110;44;0m▀[0m[38;2;40;7;0m▄[0m               
      [38;2;49;25;13m▄[0m[38;2;41;12;2m▄[0m[38;2;142;114;85m[48;2;37;10;1m▀[0m[38;2;239;209;161m[48;2;132;101;70m▀[0m[38;2;248;217;165m[48;2;181;150;108m▀[0m[38;2;248;233;182m[48;2;246;217;170m▀[0m[38;2;249;221;176m▄[0m[38;2;237;210;165m[48;2;251;220;170m▀[0m[38;2;251;220;165m[48;2;252;218;163m▀[0m[38;2;252;219;165m[48;2;252;219;164m▀[0m[38;2;252;220;167m[48;2;252;219;165m▀[0m[38;2;252;220;168m[48;2;252;220;167m▀[0m[38;2;252;219;166m[48;2;252;217;156m▀[0m[38;2;251;196;120m[48;2;250;159;50m▀[0m[38;2;251;137;11m[48;2;250;135;5m▀[0m[38;2;251;136;10m[48;2;251;136;8m▀[0m[38;2;242;130;10m[48;2;251;135;7m▀[0m[38;2;250;134;4m▄[0m[38;2;249;135;4m▄[0m[38;2;248;131;2m[48;2;249;134;4m▀[0m[38;2;249;133;6m[48;2;183;89;5m▀[0m[38;2;238;127;6m[48;2;126;58;3m▀[0m[38;2;236;126;2m▀[0m[38;2;37;4;0m▀[0m[38;2;38;7;0m▀[0m       [38;2;41;29;19m▄[0m    [38;2;35;6;0m▄[0m  
         [38;2;36;4;0m▄[0m[38;2;44;13;4m▄[0m[38;2;171;138;106m[48;2;40;8;1m▀[0m[38;2;196;163;125m▀[0m[38;2;249;216;165m[48;2;246;214;161m▀[0m[38;2;252;218;163m[48;2;252;220;167m▀[0m[38;2;252;220;167m[48;2;252;222;171m▀[0m[38;2;252;221;170m[48;2;252;223;176m▀[0m[38;2;252;224;175m[48;2;252;192;115m▀[0m[38;2;251;182;92m[48;2;251;151;37m▀[0m[38;2;250;137;11m[48;2;251;138;11m▀[0m[38;2;250;134;6m[48;2;251;136;7m▀[0m[38;2;249;133;5m[48;2;233;125;4m▀[0m[38;2;248;131;3m▀[0m[38;2;248;133;6m[48;2;39;5;0m▀[0m[38;2;187;92;4m[48;2;61;18;0m▀[0m[38;2;148;69;5m[48;2;40;7;0m▀[0m[38;2;88;38;2m[48;2;40;7;0m▀[0m[38;2;41;7;0m▄[0m         [38;2;45;19;10m[48;2;39;10;3m▀[0m[38;2;75;46;29m▄[0m[38;2;117;93;64m[48;2;238;213;169m▀[0m[38;2;106;81;55m[48;2;249;221;175m▀[0m[38;2;100;76;53m[48;2;250;220;173m▀[0m[38;2;97;69;47m[48;2;248;218;172m▀[0m[38;2;63;31;18m[48;2;131;103;75m▀[0m[38;2;40;10;3m▀[0m[38;2;37;20;12m▀[0m
          [38;2;36;10;2m▀[0m [38;2;250;220;169m▄[0m[38;2;248;216;161m[48;2;252;220;166m▀[0m[38;2;252;220;167m[48;2;252;220;166m▀[0m[38;2;252;221;170m[48;2;252;220;165m▀[0m[38;2;252;221;170m[48;2;252;219;161m▀[0m[38;2;251;185;103m[48;2;251;176;82m▀[0m[38;2;250;141;19m[48;2;249;135;10m▀[0m[38;2;251;137;9m[48;2;250;135;7m▀[0m[38;2;250;137;9m[48;2;250;138;12m▀[0m[38;2;238;130;9m[48;2;251;141;14m▀[0m[38;2;250;138;12m▄[0m[38;2;245;131;6m▄[0m [38;2;38;6;0m[48;2;98;41;1m▀[0m[38;2;45;10;0m[48;2;41;8;0m▀[0m        [38;2;38;8;0m▄[0m [38;2;216;197;158m▄[0m[38;2;226;198;154m[48;2;183;209;186m▀[0m[38;2;251;222;172m[48;2;174;210;190m▀[0m[38;2;252;222;173m[48;2;184;212;188m▀[0m[38;2;251;221;172m[48;2;244;220;172m▀[0m[38;2;252;220;168m[48;2;252;221;171m▀[0m[38;2;248;218;169m[48;2;249;222;176m▀[0m[38;2;53;26;16m[48;2;53;26;16m▀[0m[38;2;35;6;1m▄[0m
           [38;2;43;12;3m[48;2;35;9;1m▀[0m[38;2;251;223;175m[48;2;248;216;164m▀[0m[38;2;252;222;170m[48;2;251;219;165m▀[0m[38;2;253;221;168m[48;2;252;221;168m▀[0m[38;2;252;220;165m[48;2;252;223;174m▀[0m[38;2;252;199;123m[48;2;250;166;69m▀[0m[38;2;251;145;26m[48;2;252;136;11m▀[0m[38;2;251;135;10m[48;2;251;137;10m▀[0m[38;2;234;127;10m[48;2;230;124;7m▀[0m[38;2;253;146;11m▀[0m[38;2;164;86;8m▀[0m[38;2;249;134;6m[48;2;248;132;3m▀[0m[38;2;248;130;3m[48;2;250;132;4m▀[0m[38;2;244;129;3m[48;2;239;126;3m▀[0m[38;2;244;129;2m[48;2;243;130;2m▀[0m[38;2;240;132;3m▄[0m[38;2;38;1;0m▄[0m[38;2;36;7;0m▄[0m[38;2;38;8;0m▄[0m     [38;2;37;7;1m▀[0m[38;2;35;44;43m[48;2;13;35;37m▀[0m[38;2;123;204;213m[48;2;1;189;244m▀[0m[38;2;17;191;240m[48;2;1;194;250m▀[0m[38;2;1;189;243m[48;2;0;195;250m▀[0m[38;2;13;191;239m[48;2;0;196;251m▀[0m[38;2;139;209;205m[48;2;5;194;245m▀[0m[38;2;234;222;185m[48;2;113;204;214m▀[0m[38;2;218;193;151m[48;2;163;149;108m▀[0m[38;2;43;17;9m▀[0m 
            [38;2;93;58;38m[48;2;35;10;2m▀[0m[38;2;246;213;162m[48;2;242;215;173m▀[0m[38;2;252;222;174m[48;2;250;224;182m▀[0m[38;2;242;209;163m[48;2;209;171;129m▀[0m[38;2;235;141;48m[48;2;159;67;5m▀[0m[38;2;251;134;7m[48;2;244;129;2m▀[0m[38;2;251;133;4m[48;2;250;132;2m▀[0m[38;2;236;124;2m[48;2;251;134;4m▀[0m[38;2;208;107;1m[48;2;251;135;6m▀[0m[38;2;247;132;1m[48;2;251;136;7m▀[0m[38;2;250;134;5m[48;2;248;133;6m▀[0m[38;2;250;132;5m[48;2;226;117;4m▀[0m[38;2;226;117;3m[48;2;235;124;4m▀[0m[38;2;36;7;0m▀[0m[38;2;76;28;0m▀[0m[38;2;245;134;7m[48;2;243;130;4m▀[0m[38;2;137;65;4m[48;2;239;128;6m▀[0m[38;2;43;9;0m▀[0m[38;2;35;8;0m▀[0m     [38;2;18;34;37m▄[0m[38;2;3;198;244m[48;2;16;228;248m▀[0m[38;2;0;204;253m▀[0m[38;2;0;201;253m▀[0m[38;2;0;193;248m▀[0m[38;2;1;182;237m[48;2;4;180;221m▀[0m[38;2;3;120;165m[48;2;6;89;131m▀[0m[38;2;35;5;0m▀[0m  
           [38;2;117;56;6m▄[0m[38;2;102;46;4m[48;2;242;138;14m▀[0m [38;2;244;216;169m▀[0m[38;2;243;218;179m▀[0m [38;2;242;128;2m[48;2;244;134;11m▀[0m[38;2;251;134;4m[48;2;231;126;11m▀[0m[38;2;250;137;10m[48;2;110;51;4m▀[0m[38;2;251;138;10m[48;2;166;84;5m▀[0m[38;2;252;137;8m[48;2;250;136;10m▀[0m[38;2;234;125;8m[48;2;233;124;8m▀[0m [38;2;206;109;5m▀[0m[38;2;228;121;7m[48;2;166;82;4m▀[0m[38;2;250;135;8m[48;2;250;134;6m▀[0m[38;2;251;132;5m[48;2;246;129;4m▀[0m[38;2;248;130;3m[48;2;242;125;3m▀[0m[38;2;230;124;6m[48;2;244;128;3m▀[0m[38;2;155;71;2m▄[0m[38;2;37;7;0m▄[0m[38;2;39;8;0m▄[0m[38;2;43;17;2m▄[0m[38;2;38;15;6m▀[0m[38;2;39;9;0m[48;2;40;11;0m▀[0m[38;2;38;9;1m[48;2;38;7;0m▀[0m[38;2;246;132;5m▄[0m[38;2;237;125;2m▄[0m[38;2;245;131;2m▄[0m[38;2;224;125;3m▄[0m     
           [38;2;118;55;4m▀[0m[38;2;248;138;11m[48;2;249;134;3m▀[0m[38;2;219;118;5m[48;2;249;135;4m▀[0m[38;2;232;126;10m▄[0m[38;2;64;21;1m▄[0m[38;2;75;27;1m[48;2;62;19;0m▀[0m[38;2;246;139;16m[48;2;245;133;5m▀[0m[38;2;237;132;15m[48;2;246;130;5m▀[0m[38;2;237;123;3m▄[0m[38;2;116;53;2m[48;2;240;127;2m▀[0m[38;2;246;131;2m[48;2;239;127;2m▀[0m[38;2;104;45;2m[48;2;59;18;1m▀[0m [38;2;78;27;1m[48;2;238;126;3m▀[0m[38;2;240;126;3m[48;2;249;131;2m▀[0m[38;2;244;127;1m[48;2;229;118;3m▀[0m[38;2;44;14;0m▀[0m [38;2;230;124;12m[48;2;222;119;8m▀[0m[38;2;219;119;10m[48;2;249;135;6m▀[0m[38;2;121;58;2m[48;2;171;85;4m▀[0m[38;2;39;8;0m[48;2;36;8;0m▀[0m[38;2;40;15;0m[48;2;44;14;1m▀[0m[38;2;44;8;0m▄[0m[38;2;39;7;0m▄[0m [38;2;205;107;3m[48;2;36;9;0m▀[0m[38;2;223;119;4m[48;2;114;53;4m▀[0m[38;2;251;140;11m[48;2;249;142;15m▀[0m[38;2;231;131;12m[48;2;227;128;8m▀[0m[38;2;39;3;0m▀[0m    
        [38;2;36;8;1m▄[0m   [38;2;249;136;6m[48;2;130;57;4m▀[0m[38;2;252;140;11m[48;2;249;142;16m▀[0m[38;2;239;134;16m[48;2;231;130;15m▀[0m[38;2;60;19;1m▀[0m[38;2;36;7;0m▀[0m[38;2;242;128;1m[48;2;197;97;1m▀[0m[38;2;248;130;2m[48;2;192;96;1m▀[0m[38;2;249;132;3m[48;2;249;132;4m▀[0m[38;2;250;133;5m[48;2;249;132;7m▀[0m[38;2;194;104;7m[48;2;234;132;8m▀[0m[38;2;45;10;0m▀[0m[38;2;102;45;3m[48;2;40;9;0m▀[0m[38;2;251;139;9m[48;2;141;69;6m▀[0m[38;2;249;134;7m[48;2;127;52;3m▀[0m[38;2;246;129;7m[48;2;194;96;6m▀[0m[38;2;216;108;5m[48;2;249;128;5m▀[0m[38;2;215;109;4m[48;2;250;130;6m▀[0m[38;2;244;129;4m[48;2;249;135;10m▀[0m[38;2;249;133;5m[48;2;249;138;11m▀[0m[38;2;171;84;4m[48;2;181;86;3m▀[0m [38;2;84;29;0m▄[0m[38;2;35;5;0m[48;2;239;127;1m▀[0m[38;2;36;7;0m[48;2;77;25;1m▀[0m[38;2;153;76;3m▀[0m[38;2;221;122;6m[48;2;239;121;1m▀[0m[38;2;188;95;5m[48;2;246;127;2m▀[0m[38;2;249;137;9m[48;2;242;126;4m▀[0m[38;2;226;125;6m▀[0m[38;2;35;4;0m▀[0m    
        [38;2;67;34;17m▄[0m[38;2;229;206;165m▄[0m[38;2;240;214;170m▄[0m[38;2;35;13;4m[48;2;241;211;160m▀[0m[38;2;234;187;124m▄[0m[38;2;233;132;13m▀[0m [38;2;47;22;7m▄[0m[38;2;37;10;1m[48;2;212;184;141m▀[0m[38;2;37;12;1m[48;2;221;190;147m▀[0m[38;2;138;69;2m[48;2;236;199;143m▀[0m[38;2;249;136;11m[48;2;249;173;79m▀[0m[38;2;246;131;7m[48;2;246;134;13m▀[0m  [38;2;239;209;164m▄[0m[38;2;244;214;166m▄[0m[38;2;245;213;161m▄[0m[38;2;245;214;164m▄[0m[38;2;223;114;5m[48;2;217;135;45m▀[0m[38;2;227;115;4m[48;2;211;110;11m▀[0m[38;2;53;17;1m▀[0m[38;2;200;109;9m[48;2;227;127;7m▀[0m[38;2;188;91;3m[48;2;186;95;3m▀[0m [38;2;92;33;0m[48;2;95;34;1m▀[0m[38;2;244;126;0m[48;2;243;125;0m▀[0m[38;2;206;107;6m[48;2;244;128;2m▀[0m[38;2;253;134;5m[48;2;244;129;3m▀[0m[38;2;246;125;2m[48;2;170;78;1m▀[0m[38;2;241;123;1m[48;2;96;39;1m▀[0m[38;2;37;7;0m▄[0m      
       [38;2;35;5;0m▄[0m[38;2;208;178;135m[48;2;243;215;167m▀[0m[38;2;250;225;176m[48;2;147;118;83m▀[0m[38;2;251;224;176m[48;2;220;188;145m▀[0m[38;2;251;220;170m[48;2;247;217;168m▀[0m[38;2;245;211;163m[48;2;147;119;90m▀[0m[38;2;40;9;2m▄[0m [38;2;229;197;152m[48;2;246;222;182m▀[0m[38;2;250;218;160m[48;2;37;15;7m▀[0m[38;2;252;217;159m[48;2;246;223;171m▀[0m[38;2;252;218;163m[48;2;248;214;161m▀[0m[38;2;248;214;162m[48;2;231;203;155m▀[0m[38;2;188;138;86m▀[0m[38;2;38;10;3m▀[0m [38;2;238;209;160m[48;2;246;218;172m▀[0m[38;2;251;220;162m▀[0m[38;2;252;218;159m[48;2;240;212;162m▀[0m[38;2;252;219;164m[48;2;249;218;170m▀[0m[38;2;249;209;147m[48;2;250;217;165m▀[0m[38;2;247;158;62m[48;2;249;211;155m▀[0m[38;2;245;128;10m[48;2;237;136;24m▀[0m[38;2;247;135;7m[48;2;185;90;3m▀[0m[38;2;177;93;3m[48;2;35;4;0m▀[0m[38;2;42;9;0m[48;2;40;7;0m▀[0m[38;2;58;17;0m[48;2;38;8;0m▀[0m[38;2;36;7;0m▄[0m    [38;2;35;8;0m▀[0m      
             [38;2;35;5;0m▀[0m          [38;2;43;10;2m[48;2;35;7;0m▀[0m   [38;2;36;6;0m▄[0m                 
