
  [7] sleeping
                                  [38;2;3;49;64m[48;2;1;171;224m▀[0m[38;2;3;68;89m[48;2;0;180;236m▀[0m[38;2;3;67;88m[48;2;0;182;240m▀[0m[38;2;3;59;76m[48;2;0;183;243m▀[0m[38;2;0;158;210m▄[0m       
                                   [38;2;1;147;191m▄[0m[38;2;1;163;216m[48;2;2;173;226m▀[0m[38;2;0;177;236m▀[0m[38;2;0;123;165m▀[0m       
                                  [38;2;1;149;196m[48;2;0;179;236m▀[0m[38;2;1;179;234m[48;2;0;185;243m▀[0m[38;2;1;35;43m[48;2;0;180;236m▀[0m[38;2;0;175;231m▄[0m[38;2;1;126;169m▄[0m       
                             [38;2;1;174;224m▄[0m[38;2;0;184;241m▄[0m[38;2;0;181;241m▄[0m[38;2;0;182;244m▄[0m[38;2;0;186;245m▄[0m[38;2;2;143;186m▀[0m[38;2;1;124;162m▀[0m[38;2;2;131;171m▀[0m[38;2;2;126;165m▀[0m[38;2;4;88;114m▀[0m       
                             [38;2;3;69;91m▀[0m[38;2;2;64;84m[48;2;3;55;72m▀[0m[38;2;0;157;211m[48;2;0;160;217m▀[0m[38;2;0;178;242m[48;2;0;147;198m▀[0m[38;2;0;188;249m▀[0m            
                             [38;2;6;140;180m[48;2;2;167;218m▀[0m[38;2;3;179;240m[48;2;1;182;242m▀[0m[38;2;3;112;149m[48;2;0;188;243m▀[0m[38;2;0;182;237m▄[0m[38;2;0;186;241m▄[0m            
                   [38;2;35;8;0m▄[0m[38;2;35;6;0m[48;2;78;27;0m▀[0m[38;2;65;19;0m▄[0m[38;2;60;17;0m▄[0m[38;2;53;14;0m▄[0m[38;2;35;6;0m▄[0m    [38;2;2;173;225m▀[0m[38;2;0;185;242m▀[0m[38;2;0;183;238m▀[0m[38;2;0;183;239m▀[0m[38;2;1;188;242m▀[0m            
                   [38;2;75;27;1m[48;2;236;123;6m▀[0m[38;2;191;98;6m[48;2;250;136;7m▀[0m[38;2;247;134;6m[48;2;240;129;9m▀[0m[38;2;246;131;4m[48;2;210;110;9m▀[0m[38;2;237;131;9m[48;2;248;141;19m▀[0m[38;2;107;44;6m[48;2;198;121;41m▀[0m[38;2;39;8;1m▀[0m                    
     [38;2;36;7;0m▄[0m       [38;2;36;11;0m▀[0m[38;2;42;13;0m[48;2;39;8;0m▀[0m[38;2;43;13;0m[48;2;41;9;0m▀[0m[38;2;36;10;0m[48;2;39;8;0m▀[0m [38;2;130;49;0m[48;2;242;131;3m▀[0m[38;2;246;132;4m[48;2;246;130;1m▀[0m[38;2;248;133;6m▀[0m[38;2;182;93;10m▀[0m[38;2;235;209;164m▄[0m[38;2;249;184;98m[48;2;251;217;164m▀[0m[38;2;247;213;160m[48;2;250;216;161m▀[0m[38;2;242;219;179m[48;2;245;217;174m▀[0m[38;2;38;7;0m▄[0m[38;2;43;24;11m▄[0m    [38;2;35;10;0m▄[0m[38;2;35;9;0m▄[0m  [38;2;35;8;1m▄[0m[38;2;38;10;1m▄[0m        
 [38;2;50;22;5m▄[0m[38;2;40;17;1m[48;2;41;8;0m▀[0m[38;2;108;41;0m▄[0m[38;2;131;50;0m▄[0m[38;2;122;46;1m▄[0m [38;2;41;23;5m▀[0m [38;2;41;14;0m▄[0m[38;2;36;8;0m▄[0m[38;2;39;7;0m▄[0m[38;2;131;62;2m▄[0m[38;2;244;130;5m▄[0m[38;2;248;135;3m[48;2;245;128;2m▀[0m[38;2;247;141;3m[48;2;246;127;2m▀[0m[38;2;237;121;5m▄[0m[38;2;237;125;11m▄[0m[38;2;244;131;3m[48;2;239;129;9m▀[0m[38;2;242;131;9m[48;2;101;44;3m▀[0m [38;2;243;211;154m[48;2;236;203;160m▀[0m[38;2;251;220;164m[48;2;242;168;77m▀[0m[38;2;252;220;164m[48;2;251;212;148m▀[0m[38;2;249;219;169m[48;2;250;217;162m▀[0m[38;2;247;221;178m[48;2;245;215;172m▀[0m[38;2;35;6;0m▄[0m[38;2;49;29;16m[48;2;36;8;0m▀[0m [38;2;48;19;6m[48;2;39;8;0m▀[0m[38;2;39;7;0m[48;2;147;72;3m▀[0m[38;2;229;124;6m▄[0m[38;2;233;125;5m▄[0m[38;2;229;123;2m▄[0m[38;2;37;7;0m[48;2;178;91;3m▀[0m[38;2;40;7;0m[48;2;182;96;6m▀[0m[38;2;41;9;0m[48;2;181;95;4m▀[0m[38;2;40;9;0m[48;2;53;13;0m▀[0m[38;2;42;19;5m▀[0m [38;2;37;16;4m▄[0m     
[38;2;39;8;0m▄[0m[38;2;39;11;3m▄[0m[38;2;180;97;11m[48;2;241;145;37m▀[0m[38;2;247;140;12m[48;2;232;125;8m▀[0m[38;2;248;133;6m[48;2;94;34;1m▀[0m[38;2;241;126;2m[48;2;218;110;5m▀[0m[38;2;240;128;3m[48;2;248;135;10m▀[0m[38;2;108;49;1m[48;2;231;119;5m▀[0m[38;2;43;11;0m▀[0m[38;2;38;8;0m▀[0m[38;2;38;8;0m[48;2;208;106;4m▀[0m[38;2;250;139;6m[48;2;248;136;2m▀[0m[38;2;106;46;1m[48;2;202;100;5m▀[0m[38;2;123;56;1m[48;2;174;84;0m▀[0m[38;2;232;117;1m[48;2;242;124;1m▀[0m[38;2;246;126;3m[48;2;249;129;3m▀[0m[38;2;245;127;4m[48;2;250;130;3m▀[0m[38;2;248;129;5m[48;2;250;132;6m▀[0m[38;2;249;131;6m[48;2;251;132;5m▀[0m[38;2;248;131;6m[48;2;251;132;3m▀[0m[38;2;241;138;8m[48;2;249;133;4m▀[0m[38;2;206;106;6m▄[0m[38;2;59;20;2m[48;2;36;12;0m▀[0m[38;2;251;209;141m[48;2;248;180;86m▀[0m[38;2;249;217;168m[48;2;236;201;154m▀[0m[38;2;242;211;171m▀[0m[38;2;41;9;0m▄[0m[38;2;158;83;1m▄[0m[38;2;226;123;1m[48;2;238;128;2m▀[0m[38;2;224;118;3m[48;2;221;115;1m▀[0m[38;2;240;126;4m[48;2;234;121;4m▀[0m[38;2;227;118;4m[48;2;243;126;4m▀[0m[38;2;234;124;8m[48;2;248;131;5m▀[0m[38;2;250;132;5m[48;2;251;133;5m▀[0m[38;2;248;132;3m[48;2;249;134;5m▀[0m[38;2;246;141;10m▀[0m[38;2;244;137;8m▀[0m[38;2;199;102;2m[48;2;241;129;2m▀[0m[38;2;213;109;3m[48;2;251;138;7m▀[0m[38;2;250;134;6m▄[0m[38;2;41;9;0m▀[0m     
 [38;2;106;82;60m[48;2;106;82;57m▀[0m[38;2;247;209;146m[48;2;249;215;161m▀[0m[38;2;216;156;83m[48;2;252;218;165m▀[0m[38;2;54;31;12m[48;2;250;218;169m▀[0m[38;2;247;222;174m▄[0m[38;2;242;141;10m▀[0m[38;2;179;85;3m[48;2;36;9;0m▀[0m[38;2;212;112;8m▄[0m[38;2;240;128;4m[48;2;233;123;4m▀[0m[38;2;244;131;3m[48;2;65;19;1m▀[0m[38;2;250;136;4m[48;2;236;127;1m▀[0m[38;2;249;135;2m[48;2;247;132;1m▀[0m[38;2;158;77;1m[48;2;114;48;1m▀[0m[38;2;148;71;2m[48;2;113;50;1m▀[0m[38;2;250;132;5m[48;2;250;134;6m▀[0m[38;2;240;126;5m[48;2;229;123;4m▀[0m[38;2;194;88;1m▀[0m[38;2;204;105;6m[48;2;101;41;0m▀[0m[38;2;251;134;4m[48;2;250;133;3m▀[0m[38;2;251;134;4m[48;2;251;134;4m▀[0m[38;2;243;131;5m[48;2;251;134;4m▀[0m[38;2;229;124;3m[48;2;242;130;5m▀[0m[38;2;115;53;6m▄[0m[38;2;41;9;0m▄[0m[38;2;42;9;0m[48;2;93;39;4m▀[0m[38;2;108;48;3m[48;2;191;94;2m▀[0m[38;2;226;123;9m[48;2;236;125;4m▀[0m[38;2;249;137;9m[48;2;247;131;4m▀[0m[38;2;126;57;2m[48;2;189;94;3m▀[0m[38;2;43;10;0m[48;2;194;96;5m▀[0m[38;2;229;122;6m[48;2;244;129;3m▀[0m[38;2;251;133;5m[48;2;247;130;2m▀[0m[38;2;251;134;6m[48;2;246;131;5m▀[0m[38;2;251;135;6m[48;2;249;133;5m▀[0m[38;2;246;134;7m[48;2;251;133;5m▀[0m[38;2;244;130;4m[48;2;251;134;5m▀[0m[38;2;250;135;5m[48;2;250;136;8m▀[0m[38;2;252;137;6m[48;2;223;117;6m▀[0m[38;2;249;135;6m[48;2;249;132;2m▀[0m[38;2;237;128;1m[48;2;244;130;3m▀[0m[38;2;216;113;2m▄[0m [38;2;36;7;0m▄[0m  
 [38;2;123;96;66m[48;2;135;107;79m▀[0m[38;2;249;220;175m[48;2;249;224;183m▀[0m[38;2;253;221;170m[48;2;252;224;178m▀[0m[38;2;253;219;168m[48;2;250;186;107m▀[0m[38;2;249;217;174m▀[0m [38;2;104;44;1m[48;2;206;106;5m▀[0m[38;2;241;126;3m[48;2;246;128;2m▀[0m[38;2;227;121;5m[48;2;244;129;5m▀[0m[38;2;250;132;0m▄[0m[38;2;245;137;3m[48;2;244;131;4m▀[0m[38;2;249;133;4m[48;2;251;136;6m▀[0m[38;2;218;112;6m[48;2;251;134;6m▀[0m[38;2;215;113;5m[48;2;250;133;6m▀[0m[38;2;251;136;7m[48;2;251;134;4m▀[0m[38;2;245;132;4m[48;2;251;134;3m▀[0m[38;2;243;129;1m[48;2;251;133;3m▀[0m[38;2;206;106;2m[48;2;251;133;4m▀[0m[38;2;251;134;4m[48;2;252;136;6m▀[0m[38;2;252;136;6m[48;2;252;136;6m▀[0m[38;2;252;136;7m[48;2;252;136;5m▀[0m[38;2;252;137;6m[48;2;251;135;5m▀[0m[38;2;205;108;4m[48;2;201;106;6m▀[0m  [38;2;157;74;2m[48;2;151;64;1m▀[0m[38;2;127;56;1m[48;2;207;108;6m▀[0m[38;2;234;121;4m[48;2;246;128;3m▀[0m[38;2;252;133;5m[48;2;251;131;3m▀[0m[38;2;251;135;7m[48;2;248;132;5m▀[0m[38;2;244;129;4m[48;2;38;7;0m▀[0m[38;2;115;53;1m▀[0m[38;2;239;130;7m▄[0m[38;2;223;112;4m[48;2;241;125;4m▀[0m[38;2;251;134;6m[48;2;251;134;4m▀[0m[38;2;251;136;11m[48;2;251;135;10m▀[0m[38;2;189;99;7m[48;2;195;101;6m▀[0m[38;2;59;20;0m▀[0m[38;2;145;67;2m[48;2;197;98;2m▀[0m[38;2;249;133;6m[48;2;249;133;6m▀[0m[38;2;245;134;7m[48;2;205;110;11m▀[0m[38;2;40;8;0m▄[0m[38;2;163;81;0m▄[0m [38;2;36;15;3m▄[0m
[38;2;39;9;1m▀[0m[38;2;56;27;17m▀[0m[38;2;226;194;154m▀[0m[38;2;250;221;172m[48;2;218;185;140m▀[0m[38;2;244;162;59m[48;2;238;166;62m▀[0m [38;2;232;124;5m[48;2;240;131;5m▀[0m[38;2;249;132;5m[48;2;250;134;6m▀[0m[38;2;250;133;4m[48;2;251;134;4m▀[0m[38;2;251;133;4m[48;2;252;135;5m▀[0m[38;2;251;134;4m[48;2;252;135;5m▀[0m[38;2;252;136;5m[48;2;251;135;5m▀[0m[38;2;251;135;5m[48;2;251;135;4m▀[0m[38;2;251;133;4m[48;2;251;134;4m▀[0m[38;2;251;133;3m[48;2;251;135;5m▀[0m[38;2;251;135;4m[48;2;252;136;6m▀[0m[38;2;251;136;5m[48;2;253;139;8m▀[0m[38;2;252;136;6m[48;2;239;133;10m▀[0m[38;2;253;137;7m[48;2;248;134;8m▀[0m[38;2;253;137;7m[48;2;250;133;4m▀[0m[38;2;250;135;5m[48;2;223;112;6m▀[0m[38;2;250;134;4m▀[0m[38;2;248;130;2m[48;2;248;134;9m▀[0m[38;2;235;122;4m▄[0m[38;2;66;15;0m[48;2;242;128;4m▀[0m[38;2;36;5;0m[48;2;211;96;0m▀[0m[38;2;100;33;0m▀[0m[38;2;246;131;5m[48;2;162;78;4m▀[0m[38;2;250;131;2m[48;2;242;125;1m▀[0m[38;2;246;126;1m[48;2;195;92;1m▀[0m[38;2;37;6;0m▀[0m[38;2;105;43;1m▄[0m[38;2;214;109;4m[48;2;242;128;4m▀[0m[38;2;249;135;10m[48;2;250;134;7m▀[0m[38;2;250;135;7m[48;2;251;136;8m▀[0m[38;2;245;130;4m▀[0m[38;2;247;131;5m▀[0m[38;2;244;130;8m[48;2;249;131;4m▀[0m[38;2;231;121;9m[48;2;251;134;8m▀[0m[38;2;249;131;6m[48;2;243;131;12m▀[0m[38;2;250;132;4m[48;2;243;130;7m▀[0m[38;2;236;127;4m▀[0m [38;2;239;136;1m[48;2;214;113;2m▀[0m[38;2;166;80;1m▄[0m[38;2;37;6;0m▄[0m
    [38;2;43;9;0m▄[0m[38;2;180;91;8m[48;2;180;93;9m▀[0m[38;2;251;135;9m[48;2;251;139;13m▀[0m[38;2;252;133;4m[48;2;247;136;17m▀[0m[38;2;251;133;3m[48;2;242;127;5m▀[0m[38;2;252;135;5m[48;2;248;130;2m▀[0m[38;2;252;136;6m[48;2;220;117;6m▀[0m[38;2;251;135;5m▀[0m[38;2;252;136;5m[48;2;250;140;13m▀[0m[38;2;252;137;6m[48;2;251;136;6m▀[0m[38;2;252;136;6m[48;2;250;132;3m▀[0m[38;2;252;135;6m[48;2;250;133;6m▀[0m[38;2;252;140;8m[48;2;251;139;11m▀[0m[38;2;247;131;5m▄[0m[38;2;241;133;7m▀[0m[38;2;225;118;5m▀[0m [38;2;236;124;5m▄[0m[38;2;250;136;11m[48;2;251;132;4m▀[0m[38;2;241;126;6m[48;2;188;87;1m▀[0m[38;2;191;97;6m▀[0m[38;2;77;28;0m[48;2;35;9;0m▀[0m[38;2;37;6;0m[48;2;37;7;0m▀[0m[38;2;159;75;3m[48;2;212;108;4m▀[0m[38;2;241;127;3m[48;2;246;134;6m▀[0m[38;2;41;4;0m▄[0m[38;2;36;7;0m▀[0m[38;2;150;69;1m[48;2;60;18;0m▀[0m[38;2;244;133;8m▀[0m[38;2;244;130;4m▀[0m[38;2;246;132;7m▀[0m[38;2;204;109;9m▀[0m[38;2;217;115;5m[48;2;236;132;11m▀[0m[38;2;250;133;2m[48;2;234;126;5m▀[0m[38;2;224;118;3m[48;2;217;115;2m▀[0m[38;2;51;14;0m[48;2;197;94;0m▀[0m[38;2;195;95;1m[48;2;35;6;0m▀[0m[38;2;39;6;0m[48;2;53;12;0m▀[0m[38;2;42;8;0m[48;2;191;98;3m▀[0m[38;2;234;124;7m[48;2;246;132;6m▀[0m[38;2;187;93;3m[48;2;211;106;3m▀[0m[38;2;39;6;0m▀[0m
  [38;2;38;9;0m▄[0m[38;2;45;15;3m▀[0m [38;2;229;122;4m[48;2;35;6;0m▀[0m[38;2;250;138;7m[48;2;219;114;3m▀[0m[38;2;216;110;1m▄[0m[38;2;46;22;0m▀[0m[38;2;211;108;4m▀[0m [38;2;129;82;35m▄[0m[38;2;247;146;22m[48;2;246;203;132m▀[0m[38;2;197;108;13m▀[0m[38;2;124;59;6m▀[0m[38;2;158;86;18m▀[0m[38;2;237;172;84m[48;2;241;212;159m▀[0m[38;2;244;148;37m[48;2;251;211;142m▀[0m[38;2;38;8;0m[48;2;251;204;133m▀[0m[38;2;249;174;77m▄[0m[38;2;225;120;9m[48;2;250;140;11m▀[0m[38;2;249;133;6m[48;2;215;116;9m▀[0m[38;2;250;132;4m[48;2;193;99;8m▀[0m[38;2;237;123;3m[48;2;67;25;1m▀[0m[38;2;220;109;1m▀[0m [38;2;50;11;0m[48;2;210;105;1m▀[0m[38;2;236;122;2m[48;2;237;123;1m▀[0m[38;2;226;119;6m[48;2;64;21;2m▀[0m[38;2;44;8;0m[48;2;42;8;1m▀[0m[38;2;60;29;15m▄[0m[38;2;218;186;137m▄[0m[38;2;38;7;1m[48;2;238;210;161m▀[0m[38;2;239;214;172m▄[0m[38;2;221;201;159m▄[0m [38;2;39;8;0m▀[0m[38;2;42;7;0m▀[0m[38;2;46;11;0m▄[0m[38;2;38;10;0m▄[0m[38;2;207;109;6m▄[0m[38;2;197;99;3m[48;2;244;130;3m▀[0m[38;2;242;128;2m[48;2;249;133;3m▀[0m[38;2;248;133;6m[48;2;232;125;5m▀[0m[38;2;218;110;3m[48;2;68;18;0m▀[0m 
 [38;2;40;8;1m[48;2;38;8;3m▀[0m[38;2;38;7;0m[48;2;185;158;125m▀[0m[38;2;225;197;151m▄[0m[38;2;226;197;150m▄[0m[38;2;194;167;129m▄[0m[38;2;38;11;0m▀[0m[38;2;215;115;8m[48;2;36;10;0m▀[0m[38;2;226;118;11m[48;2;218;114;9m▀[0m[38;2;145;61;5m[48;2;247;158;55m▀[0m[38;2;184;112;41m[48;2;252;208;139m▀[0m[38;2;250;212;153m[48;2;249;218;166m▀[0m[38;2;247;215;164m[48;2;127;102;75m▀[0m[38;2;218;187;150m[48;2;148;121;86m▀[0m[38;2;35;7;0m▀[0m[38;2;209;194;172m▀[0m[38;2;238;210;173m[48;2;234;194;147m▀[0m[38;2;224;192;142m[48;2;242;212;164m▀[0m[38;2;251;216;156m[48;2;245;214;161m▀[0m[38;2;237;201;136m[48;2;204;163;118m▀[0m[38;2;169;86;17m▀[0m [38;2;36;5;0m[48;2;217;190;150m▀[0m[38;2;38;8;0m[48;2;222;192;148m▀[0m[38;2;196;168;133m▄[0m  [38;2;216;112;1m▀[0m[38;2;74;26;0m▀[0m[38;2;68;41;28m▀[0m[38;2;226;201;161m[48;2;241;214;170m▀[0m[38;2;252;223;169m[48;2;252;221;167m▀[0m[38;2;252;221;165m[48;2;252;220;164m▀[0m[38;2;250;223;174m[48;2;201;211;185m▀[0m[38;2;139;207;211m[48;2;48;193;238m▀[0m[38;2;3;177;227m[48;2;5;192;252m▀[0m[38;2;5;160;204m▀[0m [38;2;120;55;2m[48;2;237;124;2m▀[0m[38;2;237;125;6m[48;2;250;131;3m▀[0m[38;2;247;133;6m[48;2;250;133;5m▀[0m[38;2;249;134;5m[48;2;244;132;9m▀[0m[38;2;246;132;5m[48;2;207;109;9m▀[0m[38;2;235;127;2m[48;2;41;5;0m▀[0m[38;2;38;7;0m▄[0m[38;2;59;25;2m▀[0m
 [38;2;93;66;49m[48;2;99;75;59m▀[0m[38;2;234;206;160m[48;2;240;210;160m▀[0m[38;2;251;220;168m[48;2;251;221;170m▀[0m[38;2;251;219;168m[48;2;251;221;172m▀[0m[38;2;248;216;169m[48;2;250;218;168m▀[0m[38;2;215;183;140m[48;2;232;197;147m▀[0m  [38;2;246;220;169m[48;2;37;8;2m▀[0m[38;2;240;211;163m[48;2;190;160;123m▀[0m[38;2;250;220;169m[48;2;243;207;161m▀[0m[38;2;246;214;160m[48;2;241;202;154m▀[0m[38;2;173;141;101m[48;2;238;200;151m▀[0m[38;2;240;206;149m[48;2;240;202;154m▀[0m[38;2;232;199;146m[48;2;239;200;153m▀[0m[38;2;238;207;159m[48;2;237;199;158m▀[0m[38;2;238;208;163m[48;2;136;104;78m▀[0m[38;2;225;198;157m[48;2;41;10;3m▀[0m[38;2;40;11;3m▄[0m[38;2;192;165;131m▄[0m[38;2;233;202;152m[48;2;251;218;161m▀[0m[38;2;251;219;166m[48;2;251;218;161m▀[0m[38;2;252;218;163m[48;2;251;220;168m▀[0m[38;2;247;217;167m[48;2;242;216;169m▀[0m[38;2;172;142;110m[48;2;249;222;176m▀[0m[38;2;39;7;0m▀[0m[38;2;37;7;0m▀[0m[38;2;37;7;0m▀[0m[38;2;36;11;5m▀[0m[38;2;238;208;159m▀[0m[38;2;252;219;163m[48;2;227;199;155m▀[0m[38;2;252;221;168m[48;2;250;223;175m▀[0m[38;2;146;201;201m[48;2;238;217;172m▀[0m[38;2;11;184;242m[48;2;68;186;216m▀[0m[38;2;1;186;247m[48;2;1;180;242m▀[0m [38;2;39;10;0m▄[0m[38;2;192;103;5m[48;2;75;26;0m▀[0m[38;2;248;135;6m[48;2;143;61;5m▀[0m[38;2;228;120;5m[48;2;109;47;3m▀[0m[38;2;241;135;9m▀[0m    
[38;2;35;5;0m▀[0m[38;2;38;8;2m[48;2;35;5;0m▀[0m[38;2;207;181;147m▀[0m[38;2;207;177;137m▀[0m[38;2;205;173;132m▀[0m[38;2;220;188;149m[48;2;36;5;0m▀[0m[38;2;88;63;42m[48;2;36;6;0m▀[0m   [38;2;35;6;0m▀[0m      [38;2;37;9;1m▀[0m   [38;2;199;166;125m[48;2;37;5;1m▀[0m[38;2;200;166;122m[48;2;36;4;0m▀[0m[38;2;190;155;115m▀[0m[38;2;172;140;106m▀[0m[38;2;37;7;2m▀[0m     [38;2;121;93;68m▀[0m[38;2;206;177;134m[48;2;36;5;0m▀[0m[38;2;198;163;119m▀[0m[38;2;71;139;154m▀[0m[38;2;2;146;214m[48;2;35;5;0m▀[0m[38;2;2;131;188m[48;2;36;5;0m▀[0m         
