
  [3] stretching
                                       [38;2;42;18;4m▄[0m[38;2;35;5;0m[48;2;45;20;5m▀[0m[38;2;35;5;0m[48;2;53;27;10m▀[0m[38;2;38;6;0m[48;2;127;101;79m▀[0m   
                                   [38;2;72;52;37m▄[0m[38;2;36;11;3m▀[0m[38;2;60;34;24m[48;2;237;209;164m▀[0m[38;2;206;180;145m[48;2;251;220;168m▀[0m[38;2;250;222;172m[48;2;252;221;168m▀[0m[38;2;251;220;166m[48;2;252;222;169m▀[0m[38;2;250;220;168m[48;2;252;222;170m▀[0m[38;2;243;216;166m[48;2;252;222;171m▀[0m[38;2;84;53;28m[48;2;237;210;162m▀[0m[38;2;158;134;103m▄[0m 
                                    [38;2;249;228;178m[48;2;248;217;167m▀[0m[38;2;248;222;173m[48;2;250;221;169m▀[0m[38;2;252;221;169m[48;2;252;221;168m▀[0m[38;2;252;221;169m[48;2;251;222;169m▀[0m[38;2;252;221;169m[48;2;251;222;166m▀[0m[38;2;252;222;170m[48;2;252;222;166m▀[0m[38;2;252;222;171m[48;2;252;222;170m▀[0m[38;2;251;220;169m[48;2;251;222;173m▀[0m[38;2;181;157;122m[48;2;184;160;126m▀[0m[38;2;36;6;1m▄[0m
                                   [38;2;41;8;1m▄[0m[38;2;250;223;171m[48;2;247;222;170m▀[0m[38;2;249;221;168m[48;2;225;215;171m▀[0m[38;2;223;214;174m[48;2;42;185;226m▀[0m[38;2;118;202;205m[48;2;5;187;242m▀[0m[38;2;64;198;226m[48;2;0;192;249m▀[0m[38;2;126;208;211m[48;2;7;197;247m▀[0m[38;2;236;222;184m[48;2;44;193;227m▀[0m[38;2;191;166;133m[48;2;43;56;68m▀[0m[38;2;91;62;47m▀[0m[38;2;35;5;0m▀[0m
                                   [38;2;37;7;1m[48;2;39;31;24m▀[0m[38;2;240;228;178m▀[0m[38;2;72;184;209m[48;2;1;192;248m▀[0m[38;2;2;182;242m[48;2;6;185;243m▀[0m[38;2;0;184;238m[48;2;5;48;63m▀[0m[38;2;1;185;236m▀[0m[38;2;3;184;235m▀[0m[38;2;2;181;226m▀[0m[38;2;38;18;8m▄[0m  
                                      [38;2;13;152;203m▀[0m[38;2;169;86;11m▄[0m[38;2;235;131;4m▄[0m[38;2;241;132;6m▄[0m[38;2;238;138;9m▄[0m   
                                       [38;2;178;95;9m▀[0m[38;2;237;129;4m[48;2;236;127;5m▀[0m[38;2;246;134;7m[48;2;246;131;4m▀[0m[38;2;222;121;9m[48;2;246;135;7m▀[0m[38;2;38;8;0m[48;2;105;42;1m▀[0m  
                                      [38;2;50;25;5m[48;2;50;23;3m▀[0m[38;2;37;6;0m▄[0m[38;2;184;91;2m[48;2;36;6;0m▀[0m[38;2;223;118;3m[48;2;235;126;2m▀[0m[38;2;239;127;2m[48;2;237;124;1m▀[0m[38;2;100;40;0m[48;2;100;38;0m▀[0m  
                                   [38;2;40;8;0m▄[0m  [38;2;42;18;2m▀[0m [38;2;236;117;3m[48;2;235;120;4m▀[0m[38;2;234;122;3m[48;2;249;132;7m▀[0m[38;2;246;129;2m[48;2;235;125;7m▀[0m[38;2;101;38;1m[48;2;86;33;3m▀[0m  
                              [38;2;37;6;0m▀[0m[38;2;41;9;0m[48;2;37;10;0m▀[0m[38;2;244;132;3m▄[0m[38;2;246;134;4m▄[0m[38;2;243;129;1m▄[0m[38;2;161;79;2m▄[0m[38;2;41;9;0m▀[0m[38;2;42;9;0m▀[0m[38;2;44;9;0m▀[0m[38;2;203;102;2m[48;2;200;98;3m▀[0m[38;2;250;134;4m[48;2;238;127;2m▀[0m[38;2;249;134;8m[48;2;239;127;4m▀[0m[38;2;213;110;9m[48;2;237;126;8m▀[0m[38;2;41;8;0m▄[0m  
         [38;2;37;10;0m▀[0m[38;2;35;10;0m▀[0m                 [38;2;38;8;0m▀[0m[38;2;47;10;0m[48;2;164;78;1m▀[0m[38;2;99;42;1m[48;2;246;131;4m▀[0m[38;2;245;132;2m[48;2;237;125;3m▀[0m[38;2;248;132;1m[48;2;117;55;2m▀[0m[38;2;248;131;3m[48;2;199;102;3m▀[0m[38;2;248;132;4m[48;2;248;133;6m▀[0m[38;2;177;90;5m[48;2;250;134;8m▀[0m[38;2;156;74;3m[48;2;249;132;6m▀[0m[38;2;241;130;5m[48;2;248;132;5m▀[0m[38;2;37;6;0m[48;2;244;134;7m▀[0m[38;2;40;9;0m▀[0m[38;2;130;60;1m▀[0m[38;2;182;93;2m▀[0m [38;2;43;13;1m▀[0m  
      [38;2;57;15;0m▄[0m[38;2;116;47;1m▄[0m[38;2;42;4;0m[48;2;247;133;4m▀[0m[38;2;249;135;5m▄[0m[38;2;228;124;9m▄[0m[38;2;83;29;2m▄[0m            [38;2;36;7;0m▄[0m[38;2;36;8;0m▄[0m [38;2;39;8;0m▀[0m[38;2;229;129;5m▄[0m[38;2;245;131;2m[48;2;214;111;2m▀[0m[38;2;248;130;1m[48;2;249;132;4m▀[0m[38;2;236;124;6m[48;2;244;129;6m▀[0m[38;2;55;17;0m[48;2;192;97;5m▀[0m[38;2;156;78;3m[48;2;245;133;6m▀[0m[38;2;249;136;9m[48;2;250;135;4m▀[0m[38;2;249;133;4m[48;2;246;133;3m▀[0m[38;2;229;120;4m[48;2;36;8;0m▀[0m[38;2;196;97;2m[48;2;81;29;0m▀[0m[38;2;248;131;1m[48;2;247;133;9m▀[0m[38;2;241;128;0m[48;2;248;136;9m▀[0m [38;2;40;7;0m[48;2;39;7;0m▀[0m[38;2;50;18;0m[48;2;46;16;0m▀[0m   
    [38;2;36;9;1m▄[0m[38;2;217;189;148m▄[0m[38;2;212;169;113m[48;2;242;209;154m▀[0m[38;2;246;156;49m[48;2;250;218;161m▀[0m[38;2;152;68;2m▀[0m[38;2;237;129;9m[48;2;35;13;1m▀[0m[38;2;249;136;6m[48;2;213;115;9m▀[0m[38;2;232;125;3m[48;2;245;135;5m▀[0m[38;2;210;107;5m▄[0m[38;2;36;7;0m▄[0m[38;2;37;5;0m[48;2;40;7;0m▀[0m[38;2;40;7;0m▄[0m[38;2;40;7;0m▄[0m[38;2;38;8;0m▄[0m [38;2;35;16;1m▄[0m[38;2;39;19;1m▄[0m[38;2;41;19;3m▀[0m[38;2;36;8;0m▄[0m[38;2;41;7;0m[48;2;193;100;6m▀[0m[38;2;129;62;2m[48;2;250;138;7m▀[0m[38;2;129;61;1m[48;2;249;132;3m▀[0m[38;2;123;57;1m[48;2;246;129;3m▀[0m[38;2;237;119;3m▄[0m[38;2;36;8;0m▄[0m[38;2;83;30;0m[48;2;82;27;0m▀[0m[38;2;247;130;4m[48;2;234;119;2m▀[0m[38;2;250;131;4m[48;2;245;127;3m▀[0m[38;2;249;131;4m[48;2;230;119;2m▀[0m[38;2;245;130;3m[48;2;111;51;2m▀[0m[38;2;248;133;4m[48;2;186;99;8m▀[0m[38;2;248;133;2m[48;2;251;138;9m▀[0m[38;2;162;79;2m[48;2;251;135;6m▀[0m[38;2;126;56;1m[48;2;249;131;3m▀[0m[38;2;248;133;6m[48;2;250;130;2m▀[0m[38;2;250;134;5m[48;2;249;132;5m▀[0m[38;2;223;118;6m[48;2;239;130;7m▀[0m[38;2;36;5;0m▀[0m[38;2;49;18;0m▀[0m   
    [38;2;37;8;2m▀[0m[38;2;236;203;158m[48;2;241;208;166m▀[0m[38;2;249;217;166m[48;2;249;220;173m▀[0m[38;2;251;219;164m[48;2;252;218;160m▀[0m[38;2;249;217;167m[48;2;244;207;151m▀[0m[38;2;200;165;124m[48;2;240;210;172m▀[0m[38;2;80;26;2m▀[0m[38;2;168;89;8m[48;2;35;5;0m▀[0m[38;2;240;125;4m[48;2;96;43;1m▀[0m[38;2;208;109;2m▄[0m[38;2;61;17;0m▄[0m [38;2;204;105;2m▄[0m[38;2;37;7;0m[48;2;214;111;3m▀[0m[38;2;38;8;0m[48;2;142;65;1m▀[0m[38;2;88;34;0m▄[0m[38;2;45;10;0m▄[0m[38;2;110;47;2m▄[0m[38;2;197;105;6m[48;2;237;130;8m▀[0m[38;2;245;130;3m[48;2;248;135;8m▀[0m[38;2;246;130;4m[48;2;180;85;4m▀[0m[38;2;253;136;8m▀[0m[38;2;247;144;21m[48;2;247;199;111m▀[0m[38;2;247;156;55m[48;2;250;217;164m▀[0m[38;2;223;191;147m▄[0m[38;2;36;8;0m[48;2;38;8;1m▀[0m[38;2;39;8;1m▄[0m[38;2;244;127;1m[48;2;247;133;5m▀[0m[38;2;229;123;5m[48;2;235;126;6m▀[0m[38;2;39;11;0m▀[0m[38;2;146;70;2m[48;2;235;126;4m▀[0m[38;2;250;139;10m[48;2;250;135;3m▀[0m[38;2;252;136;6m[48;2;250;133;2m▀[0m[38;2;251;134;6m[48;2;247;131;4m▀[0m[38;2;183;91;3m[48;2;91;37;0m▀[0m[38;2;98;44;4m▀[0m[38;2;245;133;4m[48;2;245;131;3m▀[0m[38;2;210;117;10m[48;2;223;123;12m▀[0m [38;2;35;11;0m[48;2;40;13;0m▀[0m  
     [38;2;236;205;162m[48;2;229;199;158m▀[0m[38;2;249;217;165m[48;2;238;206;155m▀[0m[38;2;250;193;109m[48;2;193;116;36m▀[0m[38;2;182;141;96m▀[0m[38;2;94;37;2m▄[0m[38;2;64;11;0m[48;2;245;135;8m▀[0m[38;2;244;136;4m[48;2;242;132;4m▀[0m[38;2;251;141;8m[48;2;251;137;7m▀[0m[38;2;248;136;5m[48;2;250;137;8m▀[0m[38;2;35;4;0m[48;2;233;125;8m▀[0m[38;2;191;95;2m[48;2;237;125;5m▀[0m[38;2;250;134;4m[48;2;249;131;4m▀[0m[38;2;219;113;5m[48;2;191;96;3m▀[0m[38;2;87;31;0m[48;2;68;23;0m▀[0m[38;2;221;114;1m[48;2;234;123;1m▀[0m[38;2;248;131;3m▄[0m[38;2;249;133;4m▄[0m[38;2;212;112;4m[48;2;67;20;0m▀[0m[38;2;44;8;0m▀[0m[38;2;244;213;172m▄[0m[38;2;243;209;153m[48;2;251;212;150m▀[0m[38;2;251;216;159m[48;2;251;215;158m▀[0m[38;2;251;216;161m[48;2;251;216;161m▀[0m[38;2;224;193;146m[48;2;223;191;142m▀[0m[38;2;37;8;1m▀[0m[38;2;40;10;2m▄[0m[38;2;247;134;6m[48;2;248;136;9m▀[0m[38;2;251;135;5m[48;2;251;134;5m▀[0m[38;2;250;135;7m[48;2;251;132;4m▀[0m[38;2;250;134;2m[48;2;220;114;3m▀[0m[38;2;239;129;6m▀[0m[38;2;238;126;4m[48;2;240;130;6m▀[0m[38;2;246;131;4m[48;2;248;131;2m▀[0m[38;2;231;120;6m[48;2;247;130;3m▀[0m[38;2;236;123;6m[48;2;247;131;4m▀[0m[38;2;248;137;10m[48;2;249;137;9m▀[0m[38;2;213;115;9m[48;2;203;110;8m▀[0m[38;2;38;7;0m[48;2;38;7;0m▀[0m[38;2;40;14;0m[48;2;40;15;0m▀[0m  
     [38;2;37;10;1m▀[0m[38;2;248;222;168m▀[0m[38;2;82;29;0m▀[0m[38;2;87;29;0m[48;2;230;120;2m▀[0m[38;2;232;125;5m[48;2;232;120;1m▀[0m[38;2;216;112;3m[48;2;129;61;1m▀[0m[38;2;39;12;0m▀[0m[38;2;246;131;3m[48;2;248;130;3m▀[0m[38;2;238;127;5m[48;2;232;123;4m▀[0m[38;2;83;33;1m[48;2;61;16;0m▀[0m[38;2;180;94;7m[48;2;236;126;7m▀[0m[38;2;251;135;8m[48;2;252;136;8m▀[0m[38;2;246;129;3m[48;2;249;148;15m▀[0m[38;2;244;126;2m▀[0m[38;2;250;132;3m[48;2;234;122;2m▀[0m[38;2;252;135;5m[48;2;250;132;3m▀[0m[38;2;251;136;8m[48;2;251;133;4m▀[0m[38;2;140;65;4m[48;2;248;130;2m▀[0m[38;2;233;123;5m▄[0m[38;2;249;219;177m▀[0m[38;2;250;176;77m[48;2;210;119;21m▀[0m[38;2;251;205;139m[48;2;247;197;130m▀[0m[38;2;252;217;164m[48;2;244;211;164m▀[0m[38;2;222;190;141m[48;2;157;128;96m▀[0m[38;2;39;8;0m▄[0m[38;2;37;7;1m▄[0m[38;2;213;112;5m[48;2;119;57;1m▀[0m[38;2;217;112;5m▀[0m[38;2;250;133;9m[48;2;249;152;35m▀[0m[38;2;129;55;7m[48;2;165;98;44m▀[0m[38;2;39;9;1m▄[0m[38;2;250;139;8m[48;2;253;141;8m▀[0m[38;2;250;137;9m[48;2;249;139;14m▀[0m[38;2;212;112;6m[48;2;159;81;7m▀[0m[38;2;171;87;6m[48;2;48;12;0m▀[0m[38;2;235;129;10m[48;2;210;112;5m▀[0m[38;2;231;128;14m[48;2;228;122;9m▀[0m[38;2;37;5;0m▄[0m[38;2;35;6;0m▄[0m  
     [38;2;51;25;6m[48;2;38;12;0m▀[0m[38;2;35;8;0m▄[0m[38;2;231;123;6m▄[0m[38;2;241;127;2m[48;2;249;133;5m▀[0m[38;2;250;157;48m[48;2;251;152;37m▀[0m[38;2;251;168;68m[48;2;251;158;48m▀[0m[38;2;251;132;5m[48;2;250;131;2m▀[0m[38;2;251;134;6m[48;2;251;132;3m▀[0m[38;2;249;131;3m[48;2;251;133;4m▀[0m[38;2;248;129;2m[48;2;251;133;4m▀[0m[38;2;249;131;3m[48;2;251;133;4m▀[0m[38;2;251;134;6m[48;2;251;133;5m▀[0m[38;2;251;133;7m▄[0m[38;2;251;134;8m▄[0m[38;2;231;122;4m[48;2;252;135;6m▀[0m[38;2;250;133;3m[48;2;252;134;4m▀[0m[38;2;251;132;3m[48;2;251;134;4m▀[0m[38;2;251;132;4m[48;2;252;134;5m▀[0m[38;2;249;132;5m[48;2;252;135;7m▀[0m[38;2;249;133;7m▄[0m[38;2;146;66;4m▄[0m[38;2;241;157;52m[48;2;220;128;16m▀[0m[38;2;232;187;116m▀[0m[38;2;43;16;6m▀[0m[38;2;51;14;0m▀[0m[38;2;166;82;3m[48;2;243;128;4m▀[0m[38;2;173;85;3m[48;2;251;135;9m▀[0m[38;2;190;94;4m[48;2;250;164;66m▀[0m[38;2;245;186;95m[48;2;212;177;128m▀[0m[38;2;198;162;126m▀[0m [38;2;253;142;5m▀[0m[38;2;243;133;6m[48;2;228;122;2m▀[0m[38;2;214;112;4m[48;2;243;130;3m▀[0m[38;2;180;89;5m[48;2;249;133;2m▀[0m[38;2;230;122;3m[48;2;251;135;5m▀[0m[38;2;249;131;3m[48;2;252;135;6m▀[0m[38;2;243;132;8m[48;2;250;134;5m▀[0m[38;2;72;25;1m[48;2;95;36;0m▀[0m[38;2;37;6;0m▀[0m 
      [38;2;38;7;0m[48;2;52;15;0m▀[0m[38;2;249;136;10m[48;2;248;133;8m▀[0m[38;2;250;134;6m[48;2;249;132;3m▀[0m[38;2;249;132;3m[48;2;249;130;2m▀[0m[38;2;250;131;3m[48;2;248;131;2m▀[0m[38;2;250;131;3m[48;2;251;132;3m▀[0m[38;2;250;131;3m[48;2;251;133;3m▀[0m[38;2;251;133;4m[48;2;252;135;5m▀[0m[38;2;252;134;5m[48;2;252;135;6m▀[0m[38;2;251;134;5m[48;2;252;135;5m▀[0m[38;2;251;133;4m[48;2;252;135;6m▀[0m[38;2;251;133;4m[48;2;252;136;7m▀[0m[38;2;251;132;4m[48;2;249;134;6m▀[0m[38;2;251;132;4m[48;2;249;132;5m▀[0m[38;2;251;133;4m[48;2;251;135;6m▀[0m[38;2;252;135;6m[48;2;252;136;6m▀[0m[38;2;252;135;6m[48;2;251;134;5m▀[0m[38;2;251;134;5m[48;2;250;132;4m▀[0m[38;2;249;132;4m[48;2;248;130;4m▀[0m[38;2;214;109;1m[48;2;210;107;2m▀[0m [38;2;37;7;0m▄[0m[38;2;111;50;3m▄[0m[38;2;209;109;4m[48;2;227;125;7m▀[0m[38;2;94;37;1m[48;2;80;33;2m▀[0m[38;2;248;145;30m[48;2;243;154;54m▀[0m[38;2;250;210;157m[48;2;205;172;130m▀[0m[38;2;138;103;73m▀[0m[38;2;38;9;0m▀[0m   [38;2;131;60;5m[48;2;40;8;0m▀[0m[38;2;211;114;5m[48;2;39;7;0m▀[0m[38;2;210;113;6m▀[0m[38;2;228;122;7m[48;2;149;74;4m▀[0m[38;2;250;132;2m[48;2;248;132;3m▀[0m[38;2;100;41;1m[48;2;119;50;3m▀[0m  
    [38;2;42;12;1m▀[0m[38;2;41;7;0m▀[0m[38;2;138;66;1m[48;2;216;114;1m▀[0m[38;2;223;117;4m▀[0m  [38;2;36;10;0m▀[0m[38;2;248;133;5m[48;2;247;126;7m▀[0m[38;2;251;134;3m[48;2;248;134;3m▀[0m[38;2;251;135;4m[48;2;249;133;2m▀[0m[38;2;251;135;4m[48;2;251;135;5m▀[0m[38;2;251;135;5m[48;2;250;138;9m▀[0m[38;2;251;137;8m[48;2;239;129;8m▀[0m[38;2;212;114;6m▀[0m  [38;2;248;138;4m▀[0m[38;2;241;127;5m[48;2;205;108;6m▀[0m[38;2;249;132;4m[48;2;248;131;2m▀[0m[38;2;233;123;5m[48;2;203;105;2m▀[0m[38;2;175;87;6m[48;2;42;9;0m▀[0m[38;2;205;107;8m[48;2;168;86;7m▀[0m[38;2;245;130;4m[48;2;246;138;14m▀[0m[38;2;192;98;5m▄[0m[38;2;52;15;1m[48;2;39;7;0m▀[0m[38;2;192;97;4m[48;2;40;3;0m▀[0m[38;2;246;130;3m[48;2;245;129;1m▀[0m[38;2;237;142;37m[48;2;183;87;3m▀[0m[38;2;107;82;53m▀[0m     [38;2;37;8;0m▀[0m[38;2;41;6;0m▀[0m[38;2;253;176;1m▀[0m[38;2;180;89;1m[48;2;176;88;9m▀[0m[38;2;243;128;2m[48;2;246;131;7m▀[0m[38;2;116;47;0m[48;2;116;49;4m▀[0m  
     [38;2;220;113;6m[48;2;65;18;0m▀[0m[38;2;215;113;2m[48;2;206;105;4m▀[0m[38;2;218;114;6m▄[0m[38;2;248;141;13m[48;2;240;130;11m▀[0m[38;2;221;119;10m[48;2;249;169;71m▀[0m[38;2;247;211;150m▄[0m[38;2;234;125;10m[48;2;210;151;81m▀[0m[38;2;230;129;9m▀[0m[38;2;228;124;5m▀[0m[38;2;232;132;17m[48;2;137;92;53m▀[0m[38;2;249;159;39m[48;2;250;210;142m▀[0m[38;2;245;135;13m[48;2;241;189;116m▀[0m[38;2;247;208;132m▄[0m[38;2;192;101;9m[48;2;250;148;28m▀[0m[38;2;213;113;11m[48;2;249;136;11m▀[0m[38;2;47;15;0m[48;2;216;116;9m▀[0m[38;2;252;139;13m▄[0m[38;2;250;135;7m[48;2;250;139;12m▀[0m[38;2;226;121;6m[48;2;249;138;11m▀[0m[38;2;227;118;9m[48;2;246;134;7m▀[0m[38;2;219;115;4m[48;2;237;126;4m▀[0m[38;2;155;71;2m[48;2;187;98;2m▀[0m[38;2;39;7;0m▀[0m[38;2;41;9;0m▀[0m[38;2;83;32;1m[48;2;194;94;1m▀[0m[38;2;225;120;3m[48;2;207;106;3m▀[0m[38;2;46;8;0m[48;2;36;4;0m▀[0m[38;2;41;7;0m[48;2;38;7;0m▀[0m[38;2;38;8;0m[48;2;38;10;0m▀[0m  [38;2;39;9;0m▀[0m[38;2;40;9;0m▀[0m[38;2;92;59;41m[48;2;221;191;148m▀[0m[38;2;233;201;153m[48;2;237;210;162m▀[0m[38;2;244;208;148m[48;2;246;216;164m▀[0m[38;2;250;193;110m[48;2;252;221;166m▀[0m[38;2;250;169;70m[48;2;250;220;168m▀[0m[38;2;116;62;24m[48;2;108;74;49m▀[0m  
 [38;2;35;8;0m▀[0m[38;2;37;7;1m[48;2;222;189;147m▀[0m[38;2;249;216;161m▄[0m[38;2;249;217;164m▄[0m[38;2;154;128;95m▄[0m[38;2;121;56;6m[48;2;56;25;12m▀[0m[38;2;174;90;7m[48;2;38;8;0m▀[0m[38;2;249;178;81m[48;2;233;188;127m▀[0m[38;2;252;220;162m[48;2;251;218;160m▀[0m[38;2;251;219;165m[48;2;242;211;161m▀[0m[38;2;237;208;167m[48;2;148;116;84m▀[0m[38;2;50;22;8m[48;2;42;21;9m▀[0m[38;2;40;13;3m▀[0m[38;2;238;213;173m[48;2;141;109;72m▀[0m[38;2;245;216;170m[48;2;94;71;48m▀[0m[38;2;251;218;166m[48;2;247;217;169m▀[0m[38;2;252;216;158m[48;2;251;218;166m▀[0m[38;2;251;195;117m[48;2;251;214;157m▀[0m[38;2;251;164;51m[48;2;251;204;134m▀[0m[38;2;250;137;6m[48;2;46;11;0m▀[0m[38;2;210;109;7m▀[0m[38;2;223;116;8m[48;2;58;30;12m▀[0m[38;2;189;91;5m[48;2;63;33;15m▀[0m[38;2;174;83;6m[48;2;63;36;19m▀[0m[38;2;144;68;6m[48;2;63;34;16m▀[0m  [38;2;235;122;1m▄[0m[38;2;235;119;0m[48;2;122;39;0m▀[0m[38;2;154;71;1m[48;2;40;8;0m▀[0m[38;2;37;6;0m▀[0m    [38;2;35;6;0m▄[0m[38;2;39;6;0m▄[0m[38;2;237;210;166m▀[0m[38;2;38;17;9m▀[0m[38;2;246;229;184m▀[0m[38;2;248;217;167m▀[0m[38;2;242;210;160m▀[0m[38;2;78;49;31m▀[0m[38;2;35;7;0m▀[0m 
 [38;2;157;124;96m[48;2;36;14;5m▀[0m[38;2;248;216;162m[48;2;242;215;165m▀[0m[38;2;252;218;163m[48;2;251;219;167m▀[0m[38;2;251;219;165m[48;2;251;217;166m▀[0m[38;2;250;218;164m[48;2;250;215;159m▀[0m[38;2;164;131;95m[48;2;195;160;118m▀[0m [38;2;158;131;95m[48;2;35;6;0m▀[0m[38;2;244;214;171m[48;2;37;10;4m▀[0m[38;2;248;223;179m▀[0m[38;2;242;213;161m▀[0m[38;2;94;63;34m▀[0m[38;2;236;206;161m▀[0m [38;2;239;208;156m▀[0m[38;2;249;220;171m▀[0m[38;2;249;220;174m[48;2;136;107;85m▀[0m[38;2;231;201;157m[48;2;122;92;72m▀[0m[38;2;210;178;141m[48;2;38;8;0m▀[0m[38;2;36;12;6m▄[0m[38;2;74;47;21m[48;2;241;214;169m▀[0m[38;2;236;202;150m[48;2;200;169;123m▀[0m[38;2;252;217;161m[48;2;251;217;160m▀[0m[38;2;252;219;166m[48;2;252;219;166m▀[0m[38;2;250;219;171m[48;2;251;222;174m▀[0m[38;2;127;92;61m[48;2;226;198;161m▀[0m[38;2;41;8;1m▄[0m[38;2;121;49;0m[48;2;35;5;0m▀[0m[38;2;81;32;0m▀[0m       [38;2;35;6;0m▀[0m[38;2;36;6;0m▀[0m  [38;2;35;5;0m▀[0m[38;2;36;6;0m▀[0m   
[38;2;37;6;0m▀[0m[38;2;39;7;1m[48;2;37;6;0m▀[0m   [38;2;37;7;0m▄[0m[38;2;37;7;0m▄[0m          [38;2;39;7;0m▀[0m[38;2;40;7;0m▀[0m[38;2;35;5;0m▀[0m [38;2;174;142;108m▀[0m [38;2;227;195;152m[48;2;36;7;0m▀[0m[38;2;235;203;160m[48;2;35;5;0m▀[0m[38;2;234;203;161m▀[0m[38;2;88;64;41m▀[0m[38;2;38;7;0m▀[0m[38;2;37;8;1m▀[0m                 
