
  [5] running
                                 [38;2;236;127;11m▄[0m[38;2;35;7;0m[48;2;155;80;1m▀[0m[38;2;39;11;0m▄[0m          
          [38;2;2;121;158m[48;2;1;158;210m▀[0m[38;2;3;141;182m[48;2;1;166;219m▀[0m[38;2;3;140;179m[48;2;1;166;217m▀[0m[38;2;3;151;193m[48;2;0;167;220m▀[0m[38;2;2;156;200m[48;2;0;168;222m▀[0m[38;2;2;153;195m[48;2;0;164;218m▀[0m[38;2;2;163;208m[48;2;0;160;214m▀[0m[38;2;4;158;201m[48;2;1;160;211m▀[0m             [38;2;40;7;0m▀[0m[38;2;223;124;5m[48;2;246;138;6m▀[0m[38;2;245;135;2m[48;2;192;100;4m▀[0m[38;2;183;93;2m▀[0m[38;2;228;155;54m[48;2;236;205;153m▀[0m[38;2;238;213;177m▄[0m[38;2;36;10;2m▄[0m        
                        [38;2;38;7;0m▀[0m[38;2;180;94;6m▄[0m[38;2;250;138;9m▄[0m[38;2;242;136;5m▄[0m[38;2;46;24;6m▀[0m[38;2;64;35;8m▀[0m   [38;2;36;4;0m[48;2;238;128;5m▀[0m[38;2;36;3;0m[48;2;240;131;9m▀[0m[38;2;35;7;1m[48;2;239;131;7m▀[0m[38;2;236;127;3m▄[0m[38;2;225;119;2m▄[0m [38;2;74;29;1m▄[0m[38;2;40;9;0m▄[0m     
  [38;2;41;7;0m[48;2;250;237;190m▀[0m[38;2;237;207;159m▄[0m[38;2;249;218;168m▄[0m[38;2;246;217;171m▄[0m[38;2;169;143;116m▄[0m[38;2;35;8;2m▀[0m     [38;2;0;194;248m[48;2;2;190;247m▀[0m[38;2;0;183;240m[48;2;1;185;239m▀[0m[38;2;0;182;240m[48;2;0;184;237m▀[0m[38;2;0;182;241m[48;2;0;186;242m▀[0m[38;2;0;183;242m[48;2;0;188;245m▀[0m[38;2;0;182;238m[48;2;0;192;246m▀[0m[38;2;1;170;220m[48;2;5;189;233m▀[0m   [38;2;161;131;97m▄[0m[38;2;234;132;18m[48;2;249;195;119m▀[0m[38;2;227;119;8m[48;2;144;88;46m▀[0m[38;2;249;132;8m▀[0m[38;2;241;126;4m[48;2;214;109;4m▀[0m[38;2;185;91;3m[48;2;247;137;8m▀[0m[38;2;171;83;4m▄[0m[38;2;150;67;2m▄[0m[38;2;250;136;10m[48;2;251;134;6m▀[0m[38;2;250;133;4m[48;2;251;133;4m▀[0m[38;2;250;133;3m[48;2;250;132;3m▀[0m[38;2;246;133;3m[48;2;159;74;1m▀[0m[38;2;244;137;5m[48;2;38;10;0m▀[0m[38;2;249;136;6m[48;2;214;117;12m▀[0m[38;2;250;137;9m[48;2;250;138;13m▀[0m[38;2;208;111;7m[48;2;156;78;5m▀[0m[38;2;173;88;6m[48;2;50;16;0m▀[0m[38;2;236;132;5m▄[0m[38;2;216;116;9m▄[0m[38;2;38;6;0m▄[0m   
 [38;2;245;231;190m[48;2;244;227;177m▀[0m[38;2;240;211;163m[48;2;250;220;170m▀[0m[38;2;251;220;167m[48;2;252;221;172m▀[0m[38;2;251;220;168m[48;2;225;217;180m▀[0m[38;2;207;211;179m[48;2;52;186;225m▀[0m[38;2;81;181;207m[48;2;0;174;237m▀[0m[38;2;10;128;170m[48;2;2;190;248m▀[0m [38;2;37;17;8m▄[0m           [38;2;41;8;0m▀[0m[38;2;35;7;1m▀[0m[38;2;247;215;161m[48;2;247;217;163m▀[0m[38;2;252;218;160m[48;2;252;220;165m▀[0m[38;2;251;218;162m[48;2;252;221;166m▀[0m[38;2;241;207;157m[48;2;251;219;166m▀[0m[38;2;49;23;4m[48;2;176;144;107m▀[0m[38;2;164;86;10m▀[0m[38;2;227;120;6m[48;2;236;127;6m▀[0m[38;2;249;132;5m[48;2;249;131;4m▀[0m[38;2;250;132;4m[48;2;251;133;6m▀[0m[38;2;250;132;3m[48;2;251;134;6m▀[0m[38;2;250;132;4m[48;2;251;135;8m▀[0m[38;2;212;109;6m[48;2;246;132;6m▀[0m[38;2;253;142;10m[48;2;251;139;11m▀[0m[38;2;238;128;9m[48;2;247;133;9m▀[0m[38;2;251;135;8m[48;2;247;130;3m▀[0m[38;2;246;133;9m[48;2;250;133;5m▀[0m[38;2;202;105;7m[48;2;250;133;6m▀[0m[38;2;248;135;7m[48;2;250;134;6m▀[0m[38;2;247;136;4m[48;2;239;135;9m▀[0m[38;2;46;10;1m[48;2;3;55;83m▀[0m[38;2;35;4;3m▄[0m  
[38;2;36;8;0m▄[0m[38;2;249;230;181m▀[0m[38;2;251;220;170m[48;2;239;208;163m▀[0m[38;2;250;221;171m[48;2;246;218;164m▀[0m[38;2;108;202;215m[48;2;39;188;229m▀[0m[38;2;6;186;247m[48;2;6;184;242m▀[0m[38;2;4;135;185m▀[0m[38;2;42;9;0m▄[0m[38;2;36;6;0m[48;2;213;114;6m▀[0m[38;2;38;5;0m[48;2;241;131;7m▀[0m[38;2;120;39;0m▄[0m [38;2;37;6;0m▄[0m[38;2;36;11;3m▄[0m        [38;2;41;5;0m▄[0m[38;2;240;212;161m[48;2;78;46;30m▀[0m[38;2;252;222;170m[48;2;242;213;167m▀[0m[38;2;251;211;149m[48;2;249;202;132m▀[0m[38;2;231;158;76m[48;2;236;131;19m▀[0m [38;2;71;27;2m[48;2;217;117;9m▀[0m[38;2;234;123;3m[48;2;250;132;4m▀[0m[38;2;250;131;3m[48;2;251;133;5m▀[0m[38;2;251;134;6m[48;2;251;134;6m▀[0m[38;2;251;134;6m[48;2;250;133;6m▀[0m[38;2;247;133;7m[48;2;155;79;6m▀[0m[38;2;94;35;0m▀[0m[38;2;58;176;204m▄[0m [38;2;145;67;2m▀[0m[38;2;249;136;8m[48;2;242;137;6m▀[0m[38;2;250;134;5m[48;2;249;134;6m▀[0m[38;2;249;135;6m[48;2;248;133;6m▀[0m[38;2;244;142;14m[48;2;243;132;10m▀[0m[38;2;7;187;213m▀[0m[38;2;0;193;241m▄[0m[38;2;35;4;1m▄[0m 
   [38;2;90;67;46m[48;2;35;6;0m▀[0m[38;2;18;162;215m▀[0m[38;2;6;177;232m▀[0m [38;2;100;41;1m[48;2;88;36;1m▀[0m[38;2;242;127;4m[48;2;204;108;5m▀[0m[38;2;247;130;3m[48;2;217;116;6m▀[0m[38;2;227;117;2m[48;2;246;133;8m▀[0m[38;2;213;111;2m[48;2;248;132;3m▀[0m[38;2;137;66;5m[48;2;241;129;5m▀[0m[38;2;49;13;1m[48;2;178;87;4m▀[0m        [38;2;37;7;0m▀[0m[38;2;36;7;0m▀[0m [38;2;229;171;91m▀[0m[38;2;216;122;24m[48;2;43;7;0m▀[0m[38;2;220;109;11m[48;2;247;132;13m▀[0m[38;2;241;131;10m[48;2;225;119;9m▀[0m[38;2;251;135;6m[48;2;229;122;7m▀[0m[38;2;251;135;6m[48;2;250;133;4m▀[0m[38;2;250;133;5m[48;2;250;133;5m▀[0m[38;2;250;132;5m[48;2;249;130;3m▀[0m[38;2;131;71;13m[48;2;118;63;14m▀[0m[38;2;12;193;243m[48;2;12;184;236m▀[0m [38;2;3;221;236m▀[0m [38;2;244;137;3m[48;2;244;136;4m▀[0m[38;2;249;134;5m[48;2;250;141;18m▀[0m[38;2;248;133;7m[48;2;249;155;45m▀[0m[38;2;246;130;8m[48;2;120;58;9m▀[0m[38;2;110;43;2m▀[0m[38;2;1;184;227m▀[0m[38;2;194;164;136m▄[0m 
        [38;2;37;8;0m▀[0m  [38;2;242;129;4m[48;2;79;29;1m▀[0m[38;2;246;134;4m[48;2;225;117;5m▀[0m[38;2;246;133;3m[48;2;226;116;5m▀[0m[38;2;146;65;1m[48;2;135;63;2m▀[0m[38;2;42;8;0m▀[0m[38;2;52;20;2m[48;2;42;8;0m▀[0m[38;2;35;6;0m[48;2;91;37;1m▀[0m[38;2;35;7;0m[48;2;40;5;0m▀[0m[38;2;40;9;0m[48;2;128;61;2m▀[0m[38;2;39;8;0m[48;2;125;59;2m▀[0m [38;2;39;16;0m▀[0m [38;2;37;7;0m[48;2;58;18;0m▀[0m[38;2;67;23;0m[48;2;202;105;3m▀[0m[38;2;155;76;4m[48;2;247;131;3m▀[0m[38;2;247;134;13m[48;2;242;129;5m▀[0m[38;2;41;8;0m▀[0m[38;2;95;39;1m[48;2;154;74;2m▀[0m[38;2;249;135;8m[48;2;249;134;4m▀[0m[38;2;251;134;6m[48;2;250;135;7m▀[0m[38;2;250;134;6m[48;2;251;135;8m▀[0m[38;2;131;66;10m[48;2;226;123;8m▀[0m[38;2;8;183;233m▀[0m[38;2;0;178;230m▄[0m  [38;2;250;165;37m[48;2;244;209;150m▀[0m[38;2;251;198;119m[48;2;250;222;170m▀[0m[38;2;250;217;156m[48;2;243;212;165m▀[0m[38;2;228;198;151m[48;2;233;204;158m▀[0m[38;2;141;109;74m▄[0m[38;2;242;213;170m▄[0m[38;2;249;224;182m[48;2;246;225;179m▀[0m[38;2;37;8;2m▀[0m
           [38;2;39;9;0m[48;2;37;18;2m▀[0m[38;2;40;8;0m▄[0m[38;2;149;70;3m[48;2;42;8;0m▀[0m[38;2;228;124;8m▄[0m[38;2;65;21;0m[48;2;228;121;3m▀[0m[38;2;185;95;6m[48;2;249;137;8m▀[0m[38;2;233;126;8m[48;2;168;86;6m▀[0m[38;2;246;129;1m▀[0m[38;2;250;131;2m[48;2;238;123;0m▀[0m[38;2;233;121;3m[48;2;241;127;5m▀[0m[38;2;124;59;1m[48;2;170;85;6m▀[0m[38;2;147;71;7m[48;2;234;128;10m▀[0m[38;2;108;44;2m[48;2;207;107;7m▀[0m[38;2;48;11;0m▀[0m[38;2;107;47;1m▀[0m[38;2;246;131;2m[48;2;96;36;0m▀[0m[38;2;245;129;3m[48;2;246;128;1m▀[0m[38;2;248;131;3m[48;2;250;132;4m▀[0m[38;2;248;133;6m[48;2;246;135;10m▀[0m[38;2;180;92;4m[48;2;86;35;2m▀[0m[38;2;227;121;7m▀[0m[38;2;249;131;4m[48;2;248;133;6m▀[0m[38;2;249;133;5m[48;2;251;135;8m▀[0m[38;2;240;131;9m[48;2;251;136;11m▀[0m[38;2;184;98;20m[48;2;248;166;70m▀[0m[38;2;203;150;86m[48;2;251;209;142m▀[0m[38;2;242;209;151m[48;2;251;217;161m▀[0m[38;2;252;217;159m[48;2;251;218;162m▀[0m[38;2;250;219;167m[48;2;252;218;163m▀[0m[38;2;125;103;74m[48;2;250;217;166m▀[0m[38;2;53;32;17m[48;2;234;204;157m▀[0m[38;2;153;126;95m[48;2;224;189;145m▀[0m[38;2;235;203;160m▀[0m[38;2;37;6;0m▄[0m[38;2;42;21;13m▀[0m
         [38;2;37;8;0m[48;2;37;6;0m▀[0m[38;2;38;7;0m▀[0m  [38;2;137;66;6m[48;2;236;128;6m▀[0m[38;2;234;130;12m[48;2;240;131;8m▀[0m[38;2;250;137;7m[48;2;113;50;1m▀[0m[38;2;250;135;4m[48;2;211;112;4m▀[0m[38;2;200;104;4m[48;2;249;134;5m▀[0m[38;2;248;132;2m▄[0m[38;2;243;127;1m[48;2;248;131;4m▀[0m[38;2;250;130;3m[48;2;249;130;6m▀[0m[38;2;249;131;6m[48;2;245;127;2m▀[0m[38;2;249;132;6m▀[0m[38;2;244;128;3m[48;2;137;62;2m▀[0m[38;2;212;108;2m[48;2;237;123;4m▀[0m[38;2;207;103;1m▄[0m[38;2;45;9;0m▄[0m[38;2;52;14;0m▄[0m[38;2;224;114;4m[48;2;46;12;0m▀[0m[38;2;246;129;4m[48;2;230;120;7m▀[0m[38;2;248;131;2m[48;2;250;132;6m▀[0m[38;2;251;132;2m[48;2;250;133;6m▀[0m[38;2;249;131;3m[48;2;250;136;10m▀[0m[38;2;250;133;6m[48;2;251;172;72m▀[0m[38;2;251;172;74m[48;2;252;212;148m▀[0m[38;2;251;211;151m[48;2;251;218;165m▀[0m[38;2;251;218;165m[48;2;241;210;162m▀[0m[38;2;251;217;161m[48;2;214;182;138m▀[0m[38;2;251;217;162m[48;2;243;211;165m▀[0m[38;2;250;220;170m▀[0m[38;2;248;219;170m▀[0m[38;2;161;128;94m[48;2;37;9;2m▀[0m[38;2;42;11;1m▄[0m[38;2;35;8;2m▀[0m[38;2;35;16;10m▀[0m 
    [38;2;40;13;2m▄[0m[38;2;39;9;1m▄[0m[38;2;38;6;0m▀[0m[38;2;99;42;1m[48;2;241;126;3m▀[0m[38;2;211;113;6m[48;2;250;134;5m▀[0m[38;2;233;125;5m[48;2;251;136;7m▀[0m[38;2;225;119;3m[48;2;250;134;5m▀[0m[38;2;131;62;7m[48;2;249;133;6m▀[0m[38;2;220;118;3m[48;2;251;135;6m▀[0m[38;2;249;133;3m[48;2;251;135;5m▀[0m[38;2;241;132;10m[48;2;249;132;3m▀[0m[38;2;244;128;2m▄[0m[38;2;222;119;3m[48;2;247;130;2m▀[0m[38;2;252;137;8m[48;2;245;131;4m▀[0m[38;2;247;136;9m[48;2;215;114;2m▀[0m[38;2;145;72;4m[48;2;46;17;3m▀[0m[38;2;223;117;9m[48;2;220;122;21m▀[0m[38;2;244;128;3m[48;2;248;137;15m▀[0m[38;2;246;137;20m▄[0m[38;2;247;140;19m▄[0m[38;2;248;130;4m[48;2;248;139;13m▀[0m[38;2;244;130;6m[48;2;237;129;9m▀[0m[38;2;227;122;7m[48;2;235;127;9m▀[0m[38;2;229;121;5m[48;2;249;133;8m▀[0m[38;2;219;112;2m[48;2;181;91;4m▀[0m[38;2;226;115;3m[48;2;56;20;0m▀[0m[38;2;245;128;3m[48;2;222;115;3m▀[0m[38;2;246;130;4m[48;2;247;130;3m▀[0m[38;2;250;178;83m[48;2;208;130;47m▀[0m[38;2;252;219;161m[48;2;241;215;170m▀[0m[38;2;252;221;168m[48;2;250;223;179m▀[0m[38;2;248;214;163m▀[0m [38;2;42;13;5m▀[0m[38;2;35;8;0m▀[0m       
   [38;2;41;9;1m▀[0m[38;2;53;23;12m[48;2;205;171;128m▀[0m[38;2;183;147;102m[48;2;250;216;163m▀[0m[38;2;245;145;27m[48;2;250;195;121m▀[0m[38;2;249;134;7m[48;2;250;141;21m▀[0m[38;2;250;133;4m[48;2;250;136;9m▀[0m[38;2;249;134;4m[48;2;242;131;4m▀[0m[38;2;229;123;5m▀[0m[38;2;231;124;5m[48;2;84;34;1m▀[0m[38;2;251;135;5m[48;2;199;104;5m▀[0m[38;2;251;135;5m[48;2;250;134;4m▀[0m[38;2;251;133;4m[48;2;247;131;3m▀[0m[38;2;249;132;2m[48;2;241;127;1m▀[0m[38;2;249;132;3m▀[0m[38;2;164;81;1m[48;2;35;6;0m▀[0m [38;2;123;97;66m▀[0m[38;2;247;211;150m▀[0m[38;2;252;212;145m[48;2;243;215;167m▀[0m[38;2;252;215;153m[48;2;249;217;162m▀[0m[38;2;252;216;157m[48;2;249;215;160m▀[0m[38;2;250;208;142m[48;2;247;215;166m▀[0m[38;2;160;91;34m[48;2;146;115;82m▀[0m[38;2;188;93;3m[48;2;152;68;3m▀[0m[38;2;249;133;7m[48;2;243;129;3m▀[0m[38;2;216;111;5m[48;2;248;130;2m▀[0m[38;2;104;44;1m[48;2;248;130;4m▀[0m[38;2;231;121;3m[48;2;250;132;6m▀[0m[38;2;249;134;9m[48;2;249;134;7m▀[0m[38;2;158;71;5m▄[0m[38;2;197;167;125m▀[0m[38;2;221;186;138m▀[0m[38;2;215;111;7m▄[0m[38;2;223;118;9m[48;2;235;123;3m▀[0m[38;2;211;105;5m[48;2;190;96;2m▀[0m[38;2;213;111;4m▄[0m [38;2;53;33;18m▀[0m     
   [38;2;239;210;158m[48;2;244;210;157m▀[0m[38;2;246;212;160m[48;2;249;215;162m▀[0m[38;2;251;216;162m[48;2;250;217;165m▀[0m[38;2;251;212;150m[48;2;245;211;159m▀[0m[38;2;250;176;77m[48;2;136;89;58m▀[0m[38;2;251;142;12m▀[0m[38;2;39;10;0m[48;2;50;16;2m▀[0m[38;2;40;8;0m▄[0m [38;2;35;7;0m[48;2;170;77;1m▀[0m[38;2;183;89;5m▄[0m[38;2;152;74;2m▄[0m[38;2;35;7;0m[48;2;158;78;3m▀[0m[38;2;120;51;0m▄[0m  [38;2;40;9;0m▀[0m[38;2;40;8;0m▀[0m[38;2;39;8;1m▀[0m[38;2;38;8;1m▀[0m  [38;2;35;6;0m▀[0m[38;2;44;8;0m[48;2;36;8;0m▀[0m[38;2;160;81;4m[48;2;44;10;0m▀[0m[38;2;242;128;6m[48;2;222;120;8m▀[0m[38;2;246;128;3m[48;2;246;131;3m▀[0m[38;2;238;126;6m[48;2;165;83;2m▀[0m[38;2;243;129;5m▀[0m[38;2;225;116;4m[48;2;240;127;6m▀[0m[38;2;76;27;2m[48;2;199;104;7m▀[0m[38;2;47;11;1m[48;2;38;6;0m▀[0m[38;2;185;99;5m▀[0m[38;2;212;112;1m[48;2;130;60;7m▀[0m[38;2;230;123;11m▄[0m[38;2;246;128;3m[48;2;249;143;29m▀[0m[38;2;231;131;32m[48;2;250;198;131m▀[0m[38;2;248;212;161m[48;2;252;220;169m▀[0m[38;2;249;228;190m[48;2;251;221;172m▀[0m[38;2;226;197;151m▄[0m   
  [38;2;38;6;0m▀[0m[38;2;71;45;26m[48;2;35;5;0m▀[0m[38;2;233;201;149m▀[0m[38;2;248;213;157m▀[0m    [38;2;41;7;0m▀[0m[38;2;52;14;0m▀[0m[38;2;131;61;2m▀[0m[38;2;240;129;3m[48;2;88;36;1m▀[0m[38;2;237;126;3m[48;2;36;5;0m▀[0m[38;2;72;23;2m▀[0m[38;2;39;6;0m▀[0m[38;2;41;11;0m▀[0m         [38;2;37;7;0m[48;2;41;11;0m▀[0m[38;2;36;9;0m▄[0m[38;2;228;122;3m▀[0m[38;2;227;119;5m[48;2;237;125;4m▀[0m[38;2;178;89;7m[48;2;249;130;6m▀[0m[38;2;248;132;8m[48;2;248;130;5m▀[0m[38;2;246;131;5m[48;2;246;138;21m▀[0m[38;2;232;123;1m[48;2;246;180;98m▀[0m[38;2;250;220;180m▄[0m[38;2;39;9;0m[48;2;234;202;163m▀[0m[38;2;40;6;0m▀[0m[38;2;117;78;52m▀[0m[38;2;249;218;165m[48;2;127;100;71m▀[0m[38;2;251;218;163m[48;2;222;192;150m▀[0m[38;2;237;205;157m[48;2;218;187;145m▀[0m[38;2;248;228;186m[48;2;43;13;3m▀[0m[38;2;37;7;3m▀[0m  
             [38;2;36;7;0m▀[0m[38;2;35;7;0m▀[0m              [38;2;42;12;1m▄[0m[38;2;74;27;1m[48;2;43;11;0m▀[0m[38;2;227;121;7m[48;2;39;8;0m▀[0m[38;2;245;137;18m[48;2;236;149;43m▀[0m[38;2;251;190;112m[48;2;230;197;147m▀[0m[38;2;251;220;169m[48;2;250;218;167m▀[0m[38;2;251;219;169m[48;2;251;218;164m▀[0m[38;2;248;215;163m[48;2;245;216;168m▀[0m[38;2;205;177;133m[48;2;243;216;171m▀[0m [38;2;37;7;1m▀[0m[38;2;35;8;2m▀[0m     
                                [38;2;60;38;20m▄[0m[38;2;142;111;84m[48;2;36;7;0m▀[0m[38;2;245;222;178m▀[0m[38;2;246;224;182m▀[0m[38;2;38;6;0m▄[0m[38;2;152;121;90m▀[0m        
