
  [9] reaching
                       [38;2;99;35;0m▄[0m[38;2;91;29;0m▄[0m[38;2;79;21;0m▄[0m[38;2;35;15;4m▀[0m                  
                    [38;2;37;8;0m▄[0m[38;2;170;85;5m▄[0m[38;2;177;87;1m[48;2;247;135;5m▀[0m[38;2;245;132;3m[48;2;236;126;3m▀[0m[38;2;243;131;2m[48;2;39;11;0m▀[0m[38;2;227;124;7m[48;2;246;213;156m▀[0m[38;2;202;172;132m▄[0m[38;2;78;47;32m▄[0m[38;2;37;8;0m▄[0m                
                   [38;2;37;8;0m▀[0m[38;2;48;12;0m▀[0m[38;2;221;124;7m[48;2;37;8;0m▀[0m[38;2;245;135;3m[48;2;42;9;0m▀[0m[38;2;204;109;6m[48;2;43;9;0m▀[0m [38;2;245;217;173m[48;2;239;217;174m▀[0m[38;2;248;218;172m[48;2;246;223;176m▀[0m[38;2;178;151;120m[48;2;160;131;104m▀[0m           [38;2;7;122;175m[48;2;2;192;244m▀[0m[38;2;7;134;187m[48;2;2;197;249m▀[0m[38;2;7;111;153m[48;2;1;191;247m▀[0m[38;2;9;103;143m[48;2;1;187;248m▀[0m[38;2;25;39;43m▄[0m 
        [38;2;100;48;3m▄[0m[38;2;36;7;0m[48;2;39;9;0m▀[0m[38;2;36;7;0m▀[0m       [38;2;102;43;0m▄[0m[38;2;245;133;3m▄[0m[38;2;132;62;3m[48;2;251;138;8m▀[0m[38;2;145;71;6m[48;2;241;133;10m▀[0m[38;2;163;74;0m▀[0m[38;2;147;70;3m[48;2;199;102;5m▀[0m[38;2;169;74;4m[48;2;245;129;4m▀[0m[38;2;232;118;4m▄[0m[38;2;144;66;2m▄[0m[38;2;39;9;0m▀[0m          [38;2;3;179;229m[48;2;6;190;244m▀[0m[38;2;88;208;234m[48;2;145;216;223m▀[0m[38;2;157;222;228m[48;2;248;233;201m▀[0m[38;2;146;218;229m[48;2;249;231;200m▀[0m[38;2;61;199;237m[48;2;140;208;217m▀[0m[38;2;2;179;236m[48;2;5;182;241m▀[0m[38;2;8;116;159m[48;2;5;141;182m▀[0m
       [38;2;121;57;6m[48;2;248;172;77m▀[0m[38;2;247;142;12m[48;2;248;152;33m▀[0m[38;2;248;137;10m[48;2;249;137;11m▀[0m[38;2;243;132;5m[48;2;246;135;13m▀[0m[38;2;242;129;3m[48;2;242;130;7m▀[0m[38;2;245;132;11m▄[0m[38;2;41;10;0m▀[0m[38;2;39;8;0m▀[0m[38;2;39;7;0m[48;2;132;65;2m▀[0m[38;2;227;121;6m▄[0m[38;2;238;129;7m[48;2;251;135;8m▀[0m[38;2;247;132;3m[48;2;251;137;9m▀[0m[38;2;251;134;2m[48;2;220;116;6m▀[0m[38;2;251;135;3m[48;2;105;44;2m▀[0m[38;2;250;132;3m[48;2;196;100;3m▀[0m[38;2;243;125;1m[48;2;248;129;1m▀[0m[38;2;244;127;1m[48;2;246;129;1m▀[0m[38;2;157;74;1m[48;2;104;45;1m▀[0m[38;2;226;114;1m[48;2;39;10;0m▀[0m[38;2;240;128;4m[48;2;224;123;11m▀[0m[38;2;229;121;5m[48;2;251;139;7m▀[0m[38;2;73;20;0m[48;2;239;132;7m▀[0m[38;2;45;8;0m[48;2;113;52;8m▀[0m      [38;2;35;5;0m▀[0m [38;2;6;191;245m[48;2;1;186;240m▀[0m[38;2;95;204;228m[48;2;3;185;241m▀[0m[38;2;211;224;198m[48;2;64;202;235m▀[0m[38;2;197;220;204m[48;2;42;200;242m▀[0m[38;2;96;199;221m[48;2;2;186;245m▀[0m[38;2;4;181;241m[48;2;0;179;239m▀[0m[38;2;6;145;182m[48;2;4;134;172m▀[0m
     [38;2;38;9;1m▄[0m[38;2;250;232;183m[48;2;252;229;177m▀[0m[38;2;248;221;167m[48;2;251;218;163m▀[0m[38;2;248;192;103m[48;2;251;217;160m▀[0m[38;2;230;197;146m▄[0m[38;2;215;186;142m▄[0m[38;2;250;133;6m▀[0m[38;2;240;127;5m[48;2;247;144;7m▀[0m[38;2;236;126;4m[48;2;190;97;5m▀[0m[38;2;246;133;7m▄[0m[38;2;236;130;4m[48;2;250;135;5m▀[0m[38;2;249;133;3m[48;2;251;136;6m▀[0m[38;2;251;135;6m[48;2;252;137;7m▀[0m[38;2;249;137;13m[48;2;251;138;10m▀[0m[38;2;112;50;3m[48;2;213;112;6m▀[0m[38;2;253;135;2m▄[0m[38;2;243;132;6m▄[0m[38;2;248;131;1m[48;2;251;134;4m▀[0m[38;2;250;131;2m[48;2;251;134;3m▀[0m[38;2;243;128;5m[48;2;252;135;5m▀[0m[38;2;250;138;12m[48;2;252;135;7m▀[0m[38;2;243;132;8m[48;2;251;135;7m▀[0m[38;2;251;137;7m[48;2;248;137;10m▀[0m[38;2;231;125;6m▀[0m[38;2;68;27;0m[48;2;1;77;119m▀[0m         [38;2;0;187;244m[48;2;9;204;245m▀[0m[38;2;1;195;252m[48;2;2;203;248m▀[0m[38;2;2;197;252m[48;2;2;203;243m▀[0m[38;2;2;191;247m[48;2;6;185;225m▀[0m[38;2;6;194;242m▀[0m 
      [38;2;250;225;170m[48;2;249;224;169m▀[0m[38;2;251;218;164m[48;2;251;219;167m▀[0m[38;2;252;219;167m[48;2;252;221;170m▀[0m[38;2;252;220;167m[48;2;252;215;157m▀[0m[38;2;253;220;167m[48;2;252;200;125m▀[0m[38;2;243;215;169m[48;2;167;138;104m▀[0m [38;2;73;29;2m[48;2;100;41;1m▀[0m[38;2;245;135;11m[48;2;246;134;6m▀[0m[38;2;252;136;5m[48;2;251;135;4m▀[0m[38;2;251;136;5m[48;2;250;136;5m▀[0m[38;2;251;136;5m[48;2;251;136;5m▀[0m[38;2;252;137;5m[48;2;241;130;4m▀[0m[38;2;242;129;3m[48;2;69;17;1m▀[0m[38;2;244;128;0m▀[0m[38;2;246;133;7m▀[0m[38;2;226;123;10m[48;2;153;78;14m▀[0m[38;2;252;137;8m[48;2;240;130;9m▀[0m[38;2;252;136;6m[48;2;251;135;4m▀[0m[38;2;251;136;6m[48;2;251;136;5m▀[0m[38;2;250;135;5m[48;2;251;136;6m▀[0m[38;2;245;136;7m[48;2;248;137;10m▀[0m [38;2;67;197;228m▀[0m[38;2;2;112;151m[48;2;1;92;124m▀[0m [38;2;35;10;3m▀[0m      [38;2;38;8;2m▀[0m[38;2;35;8;2m▀[0m  [38;2;17;40;41m▀[0m 
     [38;2;39;22;12m▄[0m[38;2;234;208;161m[48;2;40;9;2m▀[0m[38;2;228;201;160m[48;2;141;112;87m▀[0m[38;2;251;223;177m[48;2;241;213;166m▀[0m[38;2;252;214;158m[48;2;251;212;151m▀[0m[38;2;238;157;57m[48;2;223;136;34m▀[0m [38;2;71;20;0m[48;2;232;127;3m▀[0m[38;2;231;120;2m[48;2;250;133;4m▀[0m[38;2;249;133;3m[48;2;251;135;6m▀[0m[38;2;252;137;6m[48;2;252;138;6m▀[0m[38;2;252;138;7m[48;2;253;139;7m▀[0m[38;2;251;140;10m[48;2;250;140;11m▀[0m[38;2;228;128;8m▀[0m[38;2;2;179;240m▄[0m[38;2;48;185;226m▀[0m[38;2;25;179;209m▄[0m [38;2;233;115;2m▀[0m[38;2;238;129;2m[48;2;217;117;3m▀[0m[38;2;252;137;6m[48;2;252;136;5m▀[0m[38;2;251;137;7m[48;2;251;137;8m▀[0m[38;2;249;138;11m[48;2;250;138;11m▀[0m[38;2;245;137;9m[48;2;212;113;6m▀[0m  [38;2;95;60;28m▄[0m[38;2;35;7;0m▄[0m            
        [38;2;175;154;133m▀[0m[38;2;241;196;131m▀[0m[38;2;240;144;22m[48;2;39;9;0m▀[0m[38;2;136;58;3m[48;2;197;100;3m▀[0m[38;2;227;121;8m[48;2;250;133;7m▀[0m[38;2;251;135;7m[48;2;247;131;5m▀[0m[38;2;251;135;5m[48;2;247;132;6m▀[0m[38;2;251;137;5m[48;2;252;139;6m▀[0m[38;2;252;138;6m[48;2;252;139;6m▀[0m[38;2;249;139;8m[48;2;250;139;9m▀[0m [38;2;2;184;247m[48;2;4;189;249m▀[0m    [38;2;219;116;3m[48;2;214;124;22m▀[0m[38;2;251;140;13m[48;2;250;185;99m▀[0m[38;2;239;146;39m[48;2;246;208;148m▀[0m[38;2;166;83;13m[48;2;212;172;129m▀[0m [38;2;54;26;8m▄[0m[38;2;243;215;168m▄[0m[38;2;241;151;37m[48;2;249;202;132m▀[0m[38;2;36;6;0m[48;2;72;39;23m▀[0m            
         [38;2;38;9;1m[48;2;43;11;1m▀[0m[38;2;44;9;0m[48;2;96;39;1m▀[0m[38;2;182;92;4m[48;2;212;112;6m▀[0m[38;2;249;136;13m[48;2;249;138;15m▀[0m[38;2;151;70;3m[48;2;169;84;7m▀[0m[38;2;133;61;2m[48;2;146;72;3m▀[0m[38;2;245;134;3m[48;2;245;132;2m▀[0m[38;2;251;137;5m[48;2;251;136;4m▀[0m[38;2;250;136;6m[48;2;251;136;4m▀[0m[38;2;189;103;8m[48;2;248;134;5m▀[0m [38;2;3;120;153m[48;2;102;121;89m▀[0m  [38;2;102;76;51m[48;2;230;204;158m▀[0m[38;2;238;192;123m[48;2;251;222;171m▀[0m[38;2;252;219;162m[48;2;251;221;170m▀[0m[38;2;252;218;159m[48;2;186;158;117m▀[0m[38;2;248;214;155m[48;2;219;193;151m▀[0m[38;2;197;169;127m▀[0m[38;2;68;48;27m[48;2;144;118;84m▀[0m[38;2;248;218;166m[48;2;240;209;162m▀[0m[38;2;232;207;168m[48;2;188;160;129m▀[0m[38;2;83;50;35m[48;2;39;7;0m▀[0m[38;2;38;8;0m[48;2;40;9;1m▀[0m[38;2;45;16;5m▄[0m[38;2;40;15;2m▄[0m[38;2;44;15;4m▄[0m[38;2;43;11;3m▄[0m[38;2;36;7;0m▄[0m      
        [38;2;39;8;0m▀[0m[38;2;37;7;0m▀[0m[38;2;209;109;2m▀[0m[38;2;246;131;3m[48;2;79;27;1m▀[0m[38;2;250;132;4m[48;2;225;117;2m▀[0m[38;2;249;133;7m[48;2;249;129;3m▀[0m[38;2;250;134;6m[48;2;250;133;5m▀[0m[38;2;251;136;7m[48;2;244;135;12m▀[0m[38;2;250;138;9m[48;2;155;76;6m▀[0m[38;2;251;138;9m[48;2;198;102;8m▀[0m[38;2;253;137;8m[48;2;251;138;12m▀[0m[38;2;251;137;9m[48;2;251;134;6m▀[0m[38;2;250;137;10m[48;2;247;135;8m▀[0m[38;2;249;147;31m[48;2;249;190;110m▀[0m[38;2;250;206;140m[48;2;251;219;163m▀[0m[38;2;252;221;167m[48;2;252;220;163m▀[0m[38;2;252;221;167m[48;2;252;219;164m▀[0m[38;2;251;221;168m[48;2;252;219;164m▀[0m[38;2;234;206;159m[48;2;251;218;163m▀[0m[38;2;149;125;93m[48;2;250;218;166m▀[0m[38;2;219;190;146m[48;2;246;217;171m▀[0m[38;2;247;213;163m[48;2;176;142;104m▀[0m[38;2;164;132;98m▀[0m [38;2;60;23;7m▄[0m[38;2;238;203;146m▄[0m[38;2;243;216;171m[48;2;252;221;168m▀[0m[38;2;249;221;176m[48;2;250;223;177m▀[0m[38;2;42;22;9m[48;2;244;214;169m▀[0m[38;2;131;103;75m[48;2;234;206;164m▀[0m       
           [38;2;121;53;2m▄[0m[38;2;229;119;1m[48;2;245;127;2m▀[0m[38;2;247;129;2m[48;2;246;131;7m▀[0m[38;2;250;133;5m[48;2;250;135;7m▀[0m[38;2;231;124;10m[48;2;245;133;7m▀[0m[38;2;60;17;0m[48;2;246;132;5m▀[0m[38;2;111;47;2m[48;2;201;101;1m▀[0m[38;2;248;134;9m[48;2;250;132;4m▀[0m[38;2;250;133;5m[48;2;250;134;7m▀[0m[38;2;248;151;36m[48;2;251;172;78m▀[0m[38;2;252;212;147m[48;2;252;219;164m▀[0m[38;2;252;220;162m[48;2;252;221;166m▀[0m[38;2;252;220;163m[48;2;252;220;164m▀[0m[38;2;252;220;165m[48;2;252;220;166m▀[0m[38;2;252;219;165m[48;2;221;193;150m▀[0m[38;2;250;216;159m▀[0m[38;2;200;166;121m▀[0m[38;2;244;215;175m▀[0m[38;2;37;10;3m▀[0m[38;2;43;6;0m[48;2;241;127;3m▀[0m[38;2;187;98;9m[48;2;239;130;10m▀[0m[38;2;248;149;23m[48;2;248;137;12m▀[0m[38;2;251;205;133m[48;2;250;166;67m▀[0m[38;2;252;220;165m[48;2;251;222;172m▀[0m[38;2;252;221;168m[48;2;252;220;167m▀[0m[38;2;252;221;168m[48;2;242;212;162m▀[0m[38;2;248;218;171m[48;2;214;179;139m▀[0m[38;2;38;11;4m▀[0m[38;2;41;7;0m▀[0m     
           [38;2;37;9;0m▄[0m[38;2;36;7;0m[48;2;41;9;0m▀[0m[38;2;208;115;11m[48;2;38;7;0m▀[0m[38;2;248;137;10m▀[0m[38;2;240;127;3m[48;2;210;115;4m▀[0m[38;2;248;130;2m[48;2;204;106;3m▀[0m[38;2;249;130;2m[48;2;212;111;5m▀[0m[38;2;250;132;4m[48;2;213;110;5m▀[0m[38;2;251;133;6m[48;2;245;128;4m▀[0m[38;2;250;134;12m[48;2;250;132;6m▀[0m[38;2;251;195;124m[48;2;250;162;62m▀[0m[38;2;252;222;169m[48;2;252;219;163m▀[0m[38;2;252;219;162m[48;2;252;219;163m▀[0m[38;2;250;216;159m[48;2;252;217;160m▀[0m[38;2;74;50;32m[48;2;206;174;127m▀[0m[38;2;230;189;140m▄[0m[38;2;37;6;0m[48;2;39;12;1m▀[0m[38;2;134;64;4m[48;2;243;132;5m▀[0m[38;2;225;119;5m[48;2;250;133;4m▀[0m[38;2;246;130;4m[48;2;251;133;5m▀[0m[38;2;246;130;4m[48;2;248;132;4m▀[0m[38;2;246;131;6m[48;2;233;122;2m▀[0m[38;2;241;135;16m[48;2;184;90;3m▀[0m[38;2;231;177;108m[48;2;35;8;0m▀[0m[38;2;229;200;156m[48;2;39;10;2m▀[0m[38;2;87;65;48m[48;2;42;12;4m▀[0m        
  [38;2;40;9;1m▄[0m    [38;2;39;5;0m▄[0m       [38;2;45;13;1m▄[0m[38;2;38;9;0m▄[0m [38;2;224;119;5m▄[0m[38;2;233;124;6m[48;2;251;137;9m▀[0m[38;2;251;136;7m[48;2;251;137;9m▀[0m[38;2;251;164;60m[48;2;251;138;10m▀[0m[38;2;252;214;152m[48;2;252;193;112m▀[0m[38;2;252;220;166m[48;2;252;219;162m▀[0m[38;2;252;219;165m[48;2;252;220;166m▀[0m[38;2;251;217;162m[48;2;252;219;167m▀[0m[38;2;233;197;144m[48;2;250;218;167m▀[0m[38;2;121;86;54m[48;2;98;74;50m▀[0m[38;2;239;129;2m[48;2;58;15;0m▀[0m[38;2;247;129;1m[48;2;244;136;3m▀[0m[38;2;247;130;2m[48;2;216;115;3m▀[0m[38;2;212;111;7m▀[0m[38;2;147;71;4m▀[0m[38;2;37;6;0m▄[0m[38;2;35;3;0m▄[0m          
  [38;2;87;58;41m[48;2;224;197;156m▀[0m[38;2;218;193;152m[48;2;251;222;172m▀[0m[38;2;248;220;172m[48;2;252;221;168m▀[0m[38;2;248;217;167m[48;2;252;220;166m▀[0m[38;2;243;219;173m[48;2;250;219;167m▀[0m[38;2;236;203;163m▄[0m [38;2;35;8;0m▄[0m     [38;2;43;10;0m▀[0m[38;2;71;26;1m[48;2;198;103;2m▀[0m[38;2;231;124;5m[48;2;247;134;7m▀[0m[38;2;250;133;2m[48;2;248;133;3m▀[0m[38;2;245;128;1m▀[0m[38;2;211;109;4m[48;2;64;22;0m▀[0m[38;2;245;130;5m[48;2;232;125;11m▀[0m[38;2;252;174;77m[48;2;251;142;19m▀[0m[38;2;252;215;154m[48;2;252;204;133m▀[0m[38;2;252;220;165m[48;2;252;222;169m▀[0m[38;2;252;220;166m[48;2;251;220;166m▀[0m[38;2;250;221;171m[48;2;241;209;158m▀[0m[38;2;122;96;68m[48;2;67;44;27m▀[0m[38;2;38;7;1m▀[0m[38;2;39;6;0m[48;2;40;9;0m▀[0m[38;2;36;7;0m▀[0m              
[38;2;36;7;1m▀[0m[38;2;201;172;137m[48;2;211;178;133m▀[0m[38;2;248;219;168m[48;2;249;217;162m▀[0m[38;2;252;221;166m[48;2;250;222;170m▀[0m[38;2;252;221;167m[48;2;180;216;197m▀[0m[38;2;242;220;171m[48;2;72;205;228m▀[0m[38;2;241;220;175m[48;2;55;201;234m▀[0m[38;2;247;221;176m[48;2;159;208;198m▀[0m [38;2;38;7;0m▀[0m   [38;2;39;9;0m▄[0m[38;2;39;9;0m[48;2;54;14;0m▀[0m[38;2;198;106;2m▄[0m[38;2;203;106;1m[48;2;37;10;0m▀[0m[38;2;210;107;2m[48;2;38;8;0m▀[0m[38;2;242;128;4m[48;2;241;129;4m▀[0m[38;2;144;67;3m[48;2;251;133;7m▀[0m[38;2;128;57;1m[48;2;251;132;5m▀[0m[38;2;239;127;8m[48;2;250;131;3m▀[0m[38;2;251;137;13m[48;2;250;133;4m▀[0m[38;2;251;181;93m[48;2;252;173;71m▀[0m[38;2;252;222;171m[48;2;251;217;162m▀[0m[38;2;242;213;166m[48;2;214;183;145m▀[0m[38;2;193;159;120m[48;2;40;11;3m▀[0m[38;2;36;7;0m▄[0m                 
 [38;2;210;179;135m[48;2;40;15;8m▀[0m[38;2;233;217;175m[48;2;115;188;202m▀[0m[38;2;135;204;207m[48;2;7;185;246m▀[0m[38;2;28;194;241m[48;2;0;185;243m▀[0m[38;2;1;196;250m[48;2;0;197;243m▀[0m[38;2;0;195;249m[48;2;1;207;247m▀[0m[38;2;3;194;247m[48;2;3;176;228m▀[0m     [38;2;36;6;0m▀[0m[38;2;92;37;1m[48;2;141;67;2m▀[0m[38;2;249;136;3m[48;2;249;136;10m▀[0m[38;2;244;129;2m[48;2;205;104;5m▀[0m[38;2;241;126;2m[48;2;219;111;4m▀[0m[38;2;240;125;2m[48;2;223;114;4m▀[0m[38;2;201;102;3m▀[0m[38;2;246;130;5m[48;2;241;136;5m▀[0m[38;2;251;134;6m[48;2;248;133;6m▀[0m[38;2;250;134;5m[48;2;249;134;6m▀[0m[38;2;244;168;72m[48;2;178;112;43m▀[0m[38;2;217;185;143m[48;2;94;62;40m▀[0m  [38;2;38;8;0m▀[0m                 
 [38;2;37;7;0m▀[0m [38;2;7;172;232m▀[0m   [38;2;15;74;94m[48;2;40;8;0m▀[0m[38;2;42;12;0m▄[0m[38;2;38;8;0m[48;2;38;23;10m▀[0m   [38;2;36;6;0m▄[0m[38;2;212;108;3m[48;2;224;117;2m▀[0m[38;2;239;124;4m[48;2;237;123;1m▀[0m[38;2;81;30;0m[48;2;136;65;3m▀[0m[38;2;150;70;4m[48;2;189;96;6m▀[0m[38;2;248;134;13m[48;2;249;137;14m▀[0m[38;2;213;113;10m▄[0m [38;2;239;126;2m▀[0m[38;2;214;108;2m[48;2;210;107;1m▀[0m[38;2;91;38;1m[48;2;63;20;0m▀[0m[38;2;116;49;1m[48;2;198;99;3m▀[0m[38;2;225;114;2m[48;2;239;126;6m▀[0m[38;2;60;18;0m▄[0m                  
    [38;2;106;48;4m[48;2;236;132;6m▀[0m[38;2;239;127;3m[48;2;249;136;8m▀[0m[38;2;246;132;0m[48;2;212;112;4m▀[0m[38;2;111;51;1m[48;2;99;38;0m▀[0m[38;2;35;8;0m▀[0m[38;2;47;29;9m▀[0m[38;2;38;8;0m▄[0m[38;2;37;8;0m▄[0m[38;2;37;7;0m▄[0m[38;2;196;106;8m[48;2;200;106;5m▀[0m[38;2;242;130;8m[48;2;199;103;6m▀[0m[38;2;220;111;1m[48;2;43;12;0m▀[0m[38;2;235;122;2m[48;2;196;102;3m▀[0m[38;2;250;132;4m[48;2;251;134;4m▀[0m[38;2;250;136;7m[48;2;250;134;4m▀[0m[38;2;224;120;7m[48;2;218;116;2m▀[0m  [38;2;242;130;3m[48;2;251;135;7m▀[0m[38;2;247;130;3m▄[0m[38;2;194;97;3m[48;2;245;128;3m▀[0m[38;2;239;128;6m[48;2;236;124;2m▀[0m[38;2;64;20;0m▀[0m                  
   [38;2;36;6;0m[48;2;36;6;0m▀[0m[38;2;248;143;7m[48;2;207;123;5m▀[0m[38;2;249;136;8m[48;2;242;133;6m▀[0m[38;2;239;127;6m[48;2;244;126;1m▀[0m[38;2;235;122;1m[48;2;188;93;2m▀[0m[38;2;199;97;0m[48;2;66;23;0m▀[0m [38;2;220;119;3m▄[0m  [38;2;244;133;0m[48;2;235;130;5m▀[0m[38;2;235;121;1m[48;2;250;132;6m▀[0m[38;2;130;53;0m[48;2;251;135;7m▀[0m[38;2;226;127;8m[48;2;232;130;11m▀[0m[38;2;250;138;10m[48;2;126;52;5m▀[0m[38;2;250;135;6m[48;2;104;38;3m▀[0m[38;2;205;107;4m[48;2;37;8;0m▀[0m  [38;2;251;134;6m[48;2;221;112;1m▀[0m[38;2;250;130;4m[48;2;248;128;3m▀[0m[38;2;247;129;2m[48;2;129;59;2m▀[0m[38;2;233;123;2m▀[0m  [38;2;39;13;2m▄[0m                
     [38;2;203;102;6m▀[0m[38;2;235;122;3m[48;2;136;59;1m▀[0m[38;2;200;99;4m[48;2;235;126;8m▀[0m[38;2;157;74;2m[48;2;245;129;4m▀[0m[38;2;231;121;3m[48;2;248;130;3m▀[0m[38;2;250;131;2m[48;2;232;123;3m▀[0m[38;2;49;9;0m[48;2;52;11;0m▀[0m [38;2;235;129;5m[48;2;243;133;2m▀[0m[38;2;251;133;8m[48;2;250;144;27m▀[0m[38;2;251;136;11m[48;2;252;183;90m▀[0m[38;2;165;95;24m[48;2;239;205;147m▀[0m[38;2;81;55;32m[48;2;250;219;166m▀[0m[38;2;92;63;39m[48;2;248;217;165m▀[0m[38;2;66;34;18m[48;2;209;178;138m▀[0m[38;2;36;7;0m[48;2;50;19;8m▀[0m [38;2;218;110;2m[48;2;245;185;106m▀[0m[38;2;247;137;15m[48;2;250;198;123m▀[0m[38;2;161;110;63m[48;2;250;219;167m▀[0m[38;2;100;67;43m[48;2;249;219;171m▀[0m[38;2;70;45;28m[48;2;248;219;174m▀[0m[38;2;120;87;62m▄[0m[38;2;37;7;0m[48;2;46;14;4m▀[0m                
           [38;2;38;7;0m▀[0m[38;2;38;7;0m▀[0m[38;2;150;78;3m▀[0m[38;2;230;154;58m[48;2;170;98;7m▀[0m[38;2;251;219;165m[48;2;206;174;130m▀[0m[38;2;250;220;170m[48;2;207;175;137m▀[0m[38;2;243;213;163m[48;2;198;169;132m▀[0m [38;2;247;220;175m[48;2;208;178;139m▀[0m   [38;2;241;209;156m[48;2;173;142;110m▀[0m[38;2;250;218;163m[48;2;208;175;136m▀[0m[38;2;249;224;175m[48;2;226;198;158m▀[0m[38;2;146;117;89m[48;2;51;19;9m▀[0m[38;2;244;215;169m[48;2;195;163;126m▀[0m                 
                  [38;2;35;6;0m▀[0m[38;2;37;6;0m▀[0m                         
