
  [8] waving
    [38;2;0;165;224m[48;2;0;164;222m▀[0m[38;2;0;170;232m[48;2;0;180;243m▀[0m[38;2;2;98;128m▄[0m        [38;2;44;32;19m▄[0m[38;2;35;7;0m▄[0m                             
 [38;2;2;40;49m▄[0m   [38;2;1;175;234m[48;2;0;183;240m▀[0m[38;2;0;177;240m[48;2;0;175;237m▀[0m[38;2;4;41;53m[48;2;5;53;66m▀[0m       [38;2;79;35;6m▄[0m[38;2;109;52;3m[48;2;247;141;9m▀[0m[38;2;41;6;0m[48;2;249;137;7m▀[0m[38;2;37;3;0m[48;2;248;132;3m▀[0m[38;2;38;6;0m[48;2;156;73;5m▀[0m[38;2;36;7;0m▀[0m                         
[38;2;0;179;240m[48;2;1;181;242m▀[0m[38;2;0;179;236m[48;2;0;181;241m▀[0m[38;2;1;177;222m▄[0m  [38;2;0;187;243m▀[0m[38;2;0;174;236m▀[0m[38;2;5;47;57m▀[0m    [38;2;46;33;23m▀[0m [38;2;58;23;8m[48;2;230;198;157m▀[0m[38;2;246;201;134m[48;2;249;216;162m▀[0m[38;2;236;164;76m[48;2;243;208;149m▀[0m[38;2;154;78;6m▀[0m[38;2;250;137;6m[48;2;160;80;6m▀[0m[38;2;244;131;2m[48;2;166;83;4m▀[0m[38;2;97;36;5m[48;2;147;64;2m▀[0m                         
[38;2;2;33;39m▀[0m[38;2;0;181;243m[48;2;2;30;38m▀[0m[38;2;1;164;218m[48;2;0;170;232m▀[0m[38;2;3;140;183m[48;2;0;169;228m▀[0m       [38;2;37;10;1m▄[0m[38;2;35;6;0m▄[0m[38;2;36;6;0m▄[0m[38;2;36;10;3m[48;2;94;43;3m▀[0m[38;2;207;105;5m▄[0m[38;2;187;91;3m▄[0m[38;2;138;58;0m▄[0m[38;2;38;7;0m[48;2;170;78;2m▀[0m[38;2;36;6;0m[48;2;210;104;3m▀[0m[38;2;209;101;0m▄[0m[38;2;52;13;0m▄[0m[38;2;38;7;0m▄[0m[38;2;35;8;0m▀[0m    [38;2;37;9;0m▄[0m[38;2;36;10;0m▄[0m                
  [38;2;0;176;237m▀[0m[38;2;1;181;238m▀[0m       [38;2;38;6;0m[48;2;135;65;2m▀[0m[38;2;124;59;5m[48;2;238;131;7m▀[0m[38;2;190;97;6m[48;2;192;102;7m▀[0m[38;2;143;69;4m[48;2;50;11;0m▀[0m[38;2;171;87;4m[48;2;175;87;1m▀[0m[38;2;246;133;6m[48;2;251;135;3m▀[0m[38;2;237;123;3m[48;2;250;136;7m▀[0m[38;2;240;126;5m[48;2;192;98;5m▀[0m[38;2;248;131;6m[48;2;252;137;6m▀[0m[38;2;248;131;5m[48;2;247;130;5m▀[0m[38;2;185;93;4m[48;2;251;130;2m▀[0m[38;2;204;107;7m[48;2;242;128;2m▀[0m[38;2;200;99;0m▄[0m[38;2;36;7;0m▄[0m[38;2;35;10;0m[48;2;41;7;0m▀[0m[38;2;95;40;1m▄[0m[38;2;72;24;1m▄[0m[38;2;72;26;2m▄[0m[38;2;71;23;1m▄[0m                
         [38;2;35;7;0m▄[0m[38;2;206;110;7m▄[0m[38;2;235;123;3m[48;2;248;134;6m▀[0m[38;2;247;132;2m[48;2;250;133;3m▀[0m[38;2;236;125;5m[48;2;250;132;3m▀[0m[38;2;207;106;6m[48;2;250;133;4m▀[0m[38;2;249;135;6m[48;2;251;134;5m▀[0m[38;2;251;136;7m[48;2;250;135;6m▀[0m[38;2;240;130;9m[48;2;244;133;8m▀[0m[38;2;244;128;2m▄[0m[38;2;133;61;2m▄[0m[38;2;193;92;3m[48;2;193;96;3m▀[0m[38;2;251;133;2m[48;2;250;136;6m▀[0m[38;2;240;129;4m[48;2;239;132;12m▀[0m[38;2;40;8;0m▀[0m[38;2;236;126;10m▄[0m[38;2;147;69;2m[48;2;233;122;3m▀[0m[38;2;233;126;6m[48;2;248;134;7m▀[0m[38;2;248;135;7m[48;2;131;50;1m▀[0m[38;2;246;133;5m[48;2;78;23;0m▀[0m[38;2;248;136;9m[48;2;238;139;19m▀[0m[38;2;193;100;6m[48;2;247;158;46m▀[0m[38;2;80;50;26m▄[0m              
        [38;2;5;156;207m▄[0m[38;2;0;97;144m[48;2;4;113;158m▀[0m [38;2;249;135;9m[48;2;245;129;4m▀[0m[38;2;251;135;6m[48;2;252;134;4m▀[0m[38;2;251;135;4m[48;2;252;136;5m▀[0m[38;2;252;134;4m[48;2;252;136;7m▀[0m[38;2;250;133;3m[48;2;247;130;4m▀[0m[38;2;245;133;5m[48;2;239;134;6m▀[0m[38;2;245;129;3m▀[0m[38;2;245;126;3m▀[0m[38;2;247;133;6m[48;2;252;150;5m▀[0m[38;2;250;134;6m[48;2;246;136;12m▀[0m[38;2;251;137;7m[48;2;251;137;9m▀[0m[38;2;252;138;9m[48;2;251;135;6m▀[0m[38;2;252;140;11m[48;2;250;135;6m▀[0m[38;2;252;137;6m[48;2;235;129;9m▀[0m[38;2;226;120;3m[48;2;54;20;1m▀[0m[38;2;93;36;4m[48;2;55;33;14m▀[0m[38;2;67;44;30m[48;2;240;210;158m▀[0m[38;2;67;48;27m[48;2;251;222;171m▀[0m[38;2;238;188;111m[48;2;252;220;167m▀[0m[38;2;250;202;131m[48;2;251;219;164m▀[0m[38;2;244;213;163m[48;2;247;218;173m▀[0m[38;2;38;8;3m▄[0m[38;2;39;7;0m▀[0m            
        [38;2;1;182;229m[48;2;6;134;177m▀[0m[38;2;79;29;0m▄[0m[38;2;209;108;0m[48;2;240;124;1m▀[0m[38;2;245;126;1m[48;2;249;130;4m▀[0m[38;2;250;130;2m[48;2;250;131;3m▀[0m[38;2;251;133;3m[48;2;250;132;4m▀[0m[38;2;249;133;4m[48;2;235;123;4m▀[0m  [38;2;85;206;230m▄[0m[38;2;13;177;240m[48;2;21;143;180m▀[0m[38;2;1;183;244m▄[0m [38;2;245;132;6m[48;2;239;126;2m▀[0m[38;2;250;131;3m[48;2;249;131;3m▀[0m[38;2;246;130;2m[48;2;249;130;2m▀[0m[38;2;237;125;6m▄[0m[38;2;159;71;3m▄[0m[38;2;231;194;149m[48;2;142;107;62m▀[0m[38;2;250;211;151m[48;2;238;163;64m▀[0m[38;2;252;215;154m[48;2;251;182;79m▀[0m[38;2;252;222;168m[48;2;251;216;157m▀[0m[38;2;251;220;168m[48;2;250;223;175m▀[0m[38;2;244;213;164m[48;2;182;152;113m▀[0m              
      [38;2;239;206;164m[48;2;245;218;174m▀[0m[38;2;41;17;4m▄[0m  [38;2;187;117;47m[48;2;236;201;148m▀[0m[38;2;250;173;80m[48;2;252;218;162m▀[0m[38;2;251;153;41m[48;2;253;220;167m▀[0m[38;2;251;140;17m[48;2;250;190;114m▀[0m[38;2;224;122;12m[48;2;223;127;22m▀[0m    [38;2;1;176;233m[48;2;1;179;233m▀[0m [38;2;241;129;3m[48;2;242;130;5m▀[0m[38;2;250;135;5m[48;2;252;137;7m▀[0m[38;2;250;133;5m[48;2;250;134;6m▀[0m[38;2;248;135;11m[48;2;248;133;7m▀[0m[38;2;187;91;5m[48;2;217;111;8m▀[0m[38;2;134;60;5m▄[0m[38;2;235;149;48m[48;2;250;160;53m▀[0m[38;2;251;199;123m[48;2;247;177;86m▀[0m[38;2;249;216;159m[48;2;248;206;130m▀[0m[38;2;242;208;151m▀[0m               
    [38;2;36;6;0m▀[0m [38;2;246;217;169m[48;2;246;221;179m▀[0m[38;2;232;200;153m[48;2;93;65;42m▀[0m[38;2;153;118;87m[48;2;49;21;8m▀[0m[38;2;240;208;160m[48;2;220;189;148m▀[0m[38;2;251;218;164m[48;2;211;181;139m▀[0m[38;2;252;218;163m[48;2;251;219;167m▀[0m[38;2;252;219;165m[48;2;252;219;164m▀[0m[38;2;251;219;165m[48;2;251;219;163m▀[0m[38;2;230;185;118m[48;2;252;219;162m▀[0m[38;2;171;144;97m▄[0m  [38;2;2;180;237m[48;2;8;107;170m▀[0m[38;2;75;59;34m▄[0m[38;2;242;132;8m▄[0m[38;2;249;134;7m[48;2;252;138;10m▀[0m[38;2;246;133;5m[48;2;235;128;10m▀[0m[38;2;187;95;3m[48;2;51;15;0m▀[0m[38;2;210;108;4m[48;2;116;53;2m▀[0m[38;2;229;116;4m[48;2;212;102;4m▀[0m[38;2;168;82;2m▀[0m[38;2;142;70;4m▀[0m[38;2;137;68;4m[48;2;37;6;0m▀[0m[38;2;36;6;0m▄[0m[38;2;51;29;13m▄[0m               
    [38;2;37;7;0m[48;2;35;6;1m▀[0m[38;2;36;10;2m▄[0m[38;2;226;199;158m[48;2;240;220;178m▀[0m[38;2;240;211;164m[48;2;235;204;158m▀[0m[38;2;247;216;167m▄[0m[38;2;208;177;136m▄[0m[38;2;152;122;88m[48;2;251;219;169m▀[0m[38;2;252;221;168m[48;2;252;219;163m▀[0m[38;2;252;220;166m[48;2;252;219;164m▀[0m[38;2;252;220;165m[48;2;253;221;164m▀[0m[38;2;253;220;163m[48;2;253;220;165m▀[0m[38;2;250;214;149m[48;2;253;221;166m▀[0m[38;2;216;136;43m[48;2;251;204;134m▀[0m[38;2;245;136;12m[48;2;252;154;37m▀[0m[38;2;245;136;16m[48;2;251;135;8m▀[0m[38;2;247;133;10m[48;2;249;128;3m▀[0m[38;2;250;134;6m[48;2;225;114;2m▀[0m[38;2;251;133;3m[48;2;175;86;1m▀[0m[38;2;243;130;7m[48;2;230;117;3m▀[0m[38;2;166;79;4m[48;2;247;129;5m▀[0m[38;2;192;98;5m[48;2;251;133;7m▀[0m[38;2;237;125;3m[48;2;250;136;7m▀[0m[38;2;192;94;2m[48;2;238;128;3m▀[0m[38;2;131;56;1m▄[0m                  
      [38;2;48;24;14m▄[0m[38;2;135;105;80m[48;2;37;9;2m▀[0m[38;2;236;209;166m[48;2;211;183;144m▀[0m[38;2;250;221;173m[48;2;192;159;118m▀[0m[38;2;252;218;164m[48;2;247;212;155m▀[0m[38;2;252;218;162m[48;2;251;217;161m▀[0m[38;2;252;219;162m[48;2;252;219;165m▀[0m[38;2;252;220;164m[48;2;252;221;167m▀[0m[38;2;252;221;167m[48;2;252;221;168m▀[0m[38;2;252;223;171m[48;2;253;221;165m▀[0m[38;2;252;207;137m[48;2;252;211;139m▀[0m[38;2;253;152;33m[48;2;250;157;40m▀[0m[38;2;252;135;8m[48;2;250;133;3m▀[0m[38;2;249;129;4m[48;2;250;133;7m▀[0m[38;2;157;71;1m[48;2;192;95;6m▀[0m[38;2;70;23;0m[48;2;172;85;5m▀[0m[38;2;213;105;2m[48;2;240;126;4m▀[0m[38;2;245;129;4m[48;2;243;130;4m▀[0m[38;2;249;135;5m[48;2;244;132;3m▀[0m[38;2;253;147;8m[48;2;101;44;3m▀[0m[38;2;218;104;4m[48;2;37;6;0m▀[0m[38;2;37;8;0m▄[0m[38;2;43;16;3m▄[0m        [38;2;40;9;1m▄[0m[38;2;77;43;26m▄[0m[38;2;212;183;146m▄[0m[38;2;249;220;167m▄[0m[38;2;249;219;166m▄[0m[38;2;248;217;167m▄[0m[38;2;247;226;182m▄[0m[38;2;38;8;2m▄[0m[38;2;41;8;0m▄[0m
          [38;2;189;160;123m[48;2;39;8;1m▀[0m[38;2;154;123;94m[48;2;42;9;1m▀[0m[38;2;215;188;149m▀[0m[38;2;242;213;165m[48;2;237;214;165m▀[0m[38;2;251;219;166m[48;2;250;217;163m▀[0m[38;2;252;216;154m[48;2;251;220;166m▀[0m[38;2;250;166;60m[48;2;251;192;117m▀[0m[38;2;250;138;12m[48;2;252;142;20m▀[0m[38;2;251;134;5m[48;2;252;138;11m▀[0m[38;2;251;132;5m[48;2;251;134;7m▀[0m[38;2;249;130;6m[48;2;238;124;4m▀[0m[38;2;249;131;7m[48;2;221;115;11m▀[0m[38;2;249;133;6m[48;2;205;103;9m▀[0m[38;2;246;132;6m[48;2;90;36;3m▀[0m[38;2;222;123;6m▀[0m[38;2;216;114;4m▀[0m[38;2;39;6;0m▀[0m[38;2;35;7;0m▀[0m         [38;2;42;14;8m▄[0m[38;2;193;162;123m[48;2;199;210;176m▀[0m[38;2;251;222;173m[48;2;203;216;183m▀[0m[38;2;252;223;169m[48;2;214;219;186m▀[0m[38;2;252;221;167m[48;2;250;223;173m▀[0m[38;2;251;220;168m[48;2;252;221;170m▀[0m[38;2;248;222;176m[48;2;249;219;169m▀[0m[38;2;93;67;51m[48;2;45;21;11m▀[0m[38;2;37;8;3m▀[0m
            [38;2;247;224;172m▄[0m[38;2;235;207;156m[48;2;251;217;161m▀[0m[38;2;251;218;163m[48;2;252;220;165m▀[0m[38;2;252;221;170m[48;2;252;221;169m▀[0m[38;2;252;221;168m[48;2;253;222;171m▀[0m[38;2;251;180;91m[48;2;252;214;150m▀[0m[38;2;252;142;17m[48;2;251;140;16m▀[0m[38;2;252;137;10m[48;2;251;135;7m▀[0m[38;2;246;135;10m[48;2;248;133;5m▀[0m[38;2;249;132;0m▄[0m[38;2;197;104;3m▄[0m[38;2;35;7;0m[48;2;80;29;2m▀[0m[38;2;36;6;0m[48;2;38;6;0m▀[0m[38;2;46;16;0m▀[0m[38;2;49;23;2m▄[0m          [38;2;121;203;203m[48;2;2;183;241m▀[0m[38;2;7;183;237m[48;2;0;185;245m▀[0m[38;2;4;183;238m[48;2;0;186;246m▀[0m[38;2;24;191;239m[48;2;1;184;242m▀[0m[38;2;164;213;205m[48;2;23;187;233m▀[0m[38;2;244;224;182m[48;2;140;198;194m▀[0m[38;2;235;208;163m[48;2;239;224;187m▀[0m[38;2;36;13;6m▀[0m 
           [38;2;41;10;2m▄[0m[38;2;251;231;186m[48;2;251;231;185m▀[0m[38;2;251;222;172m[48;2;251;221;171m▀[0m[38;2;252;221;169m[48;2;252;222;169m▀[0m[38;2;252;221;170m[48;2;252;222;170m▀[0m[38;2;253;216;156m[48;2;252;210;144m▀[0m[38;2;251;181;89m[48;2;250;136;13m▀[0m[38;2;248;133;7m[48;2;249;135;10m▀[0m[38;2;250;134;6m[48;2;220;116;8m▀[0m[38;2;249;136;9m[48;2;88;33;2m▀[0m[38;2;250;137;8m[48;2;166;85;5m▀[0m[38;2;250;138;10m[48;2;251;136;7m▀[0m[38;2;240;125;7m[48;2;249;133;4m▀[0m[38;2;241;128;2m▄[0m [38;2;37;7;0m▀[0m        [38;2;36;6;0m▀[0m[38;2;36;7;3m▀[0m[38;2;1;177;231m[48;2;6;142;183m▀[0m[38;2;1;181;241m▀[0m[38;2;1;194;248m▀[0m[38;2;2;184;241m▀[0m[38;2;1;179;235m[48;2;7;183;231m▀[0m[38;2;1;166;216m[48;2;10;189;224m▀[0m [38;2;39;9;2m▀[0m 
          [38;2;36;10;2m[48;2;37;11;3m▀[0m[38;2;38;9;1m▀[0m[38;2;248;235;189m▀[0m[38;2;247;215;160m[48;2;226;191;145m▀[0m[38;2;251;220;165m[48;2;250;221;172m▀[0m[38;2;253;222;169m[48;2;252;224;177m▀[0m[38;2;252;214;154m[48;2;210;174;129m▀[0m[38;2;251;141;22m[48;2;189;103;16m▀[0m[38;2;250;136;11m[48;2;250;138;12m▀[0m[38;2;217;114;6m[48;2;249;134;6m▀[0m[38;2;248;132;2m▄[0m[38;2;160;80;2m[48;2;249;132;3m▀[0m[38;2;249;132;2m[48;2;250;133;4m▀[0m[38;2;241;128;3m[48;2;241;128;6m▀[0m[38;2;162;82;3m[48;2;129;60;3m▀[0m[38;2;184;95;4m[48;2;173;88;3m▀[0m[38;2;202;105;5m[48;2;247;137;6m▀[0m[38;2;181;92;5m▄[0m[38;2;37;7;0m[48;2;64;17;0m▀[0m[38;2;45;12;1m[48;2;42;8;0m▀[0m[38;2;46;18;1m▄[0m     [38;2;35;6;0m▄[0m[38;2;38;7;0m[48;2;126;61;3m▀[0m[38;2;241;133;9m▄[0m[38;2;245;131;6m▄[0m[38;2;35;8;0m[48;2;214;109;2m▀[0m     
            [38;2;35;7;0m[48;2;52;13;0m▀[0m [38;2;209;181;143m[48;2;112;77;43m▀[0m[38;2;249;222;179m[48;2;249;221;163m▀[0m[38;2;128;97;71m[48;2;147;115;82m▀[0m [38;2;247;136;11m[48;2;244;133;7m▀[0m[38;2;251;137;7m[48;2;232;126;7m▀[0m[38;2;251;136;7m[48;2;176;91;7m▀[0m[38;2;252;136;8m[48;2;239;132;10m▀[0m[38;2;252;136;8m[48;2;251;138;10m▀[0m[38;2;252;136;9m[48;2;251;135;6m▀[0m[38;2;250;134;6m[48;2;245;130;3m▀[0m[38;2;225;119;2m[48;2;196;103;11m▀[0m[38;2;197;103;3m[48;2;46;9;0m▀[0m[38;2;200;105;8m[48;2;130;57;1m▀[0m[38;2;118;55;2m[48;2;235;126;2m▀[0m  [38;2;35;19;6m▀[0m[38;2;36;8;0m▄[0m     [38;2;244;128;4m▀[0m[38;2;244;128;4m[48;2;245;130;5m▀[0m[38;2;220;113;4m[48;2;228;121;8m▀[0m[38;2;35;5;0m[48;2;42;7;0m▀[0m[38;2;37;8;0m▄[0m   
           [38;2;37;7;0m▀[0m[38;2;62;20;0m▀[0m[38;2;239;124;2m[48;2;237;126;3m▀[0m[38;2;246;135;5m▄[0m[38;2;64;17;0m▄[0m[38;2;44;9;0m▄[0m[38;2;39;8;0m[48;2;86;34;1m▀[0m[38;2;247;139;15m[48;2;248;139;10m▀[0m[38;2;200;107;11m[48;2;227;123;8m▀[0m[38;2;48;11;0m[48;2;169;83;8m▀[0m[38;2;191;100;6m[48;2;229;123;5m▀[0m[38;2;249;135;7m[48;2;238;126;3m▀[0m[38;2;242;130;4m[48;2;235;132;5m▀[0m[38;2;241;134;3m▀[0m[38;2;110;43;0m▄[0m[38;2;248;134;8m▄[0m[38;2;240;128;3m[48;2;248;133;6m▀[0m[38;2;246;130;3m[48;2;215;112;5m▀[0m[38;2;245;131;4m[48;2;212;110;5m▀[0m[38;2;243;129;2m▄[0m[38;2;42;9;0m▀[0m[38;2;39;10;0m▀[0m  [38;2;40;8;0m▄[0m[38;2;37;6;0m[48;2;65;21;0m▀[0m[38;2;164;76;1m▄[0m[38;2;244;129;4m▄[0m[38;2;244;128;2m[48;2;242;128;3m▀[0m[38;2;222;117;4m[48;2;218;115;3m▀[0m [38;2;37;8;0m▀[0m   
           [38;2;36;5;0m▄[0m[38;2;36;8;1m▄[0m[38;2;234;125;4m[48;2;238;130;7m▀[0m[38;2;250;136;7m[48;2;251;137;9m▀[0m[38;2;209;110;5m[48;2;227;121;3m▀[0m[38;2;45;9;0m▀[0m[38;2;44;10;0m▀[0m[38;2;247;135;5m[48;2;244;132;6m▀[0m[38;2;248;132;3m[48;2;250;134;5m▀[0m[38;2;247;131;3m[48;2;250;134;6m▀[0m[38;2;249;132;3m[48;2;251;135;9m▀[0m[38;2;213;114;4m[48;2;219;119;9m▀[0m[38;2;36;7;0m[48;2;47;8;0m▀[0m[38;2;54;14;0m[48;2;79;28;0m▀[0m[38;2;241;127;2m[48;2;241;129;3m▀[0m[38;2;249;133;4m[48;2;247;131;5m▀[0m[38;2;236;125;6m[48;2;231;121;6m▀[0m[38;2;97;41;3m[48;2;124;55;4m▀[0m[38;2;105;47;2m▀[0m[38;2;245;131;2m[48;2;250;137;10m▀[0m[38;2;62;14;0m[48;2;228;127;6m▀[0m[38;2;36;7;0m▄[0m [38;2;36;6;0m▀[0m[38;2;42;8;0m▀[0m[38;2;147;70;1m[48;2;164;78;0m▀[0m[38;2;224;118;6m[48;2;170;81;2m▀[0m[38;2;248;135;8m[48;2;248;137;7m▀[0m[38;2;246;133;6m[48;2;241;133;8m▀[0m[38;2;36;6;0m▄[0m     
           [38;2;42;8;1m[48;2;54;20;11m▀[0m[38;2;57;16;0m[48;2;40;8;1m▀[0m[38;2;161;84;4m▀[0m[38;2;236;128;8m[48;2;211;117;13m▀[0m[38;2;242;135;2m▀[0m  [38;2;243;138;10m▀[0m[38;2;213;114;10m[48;2;159;86;17m▀[0m[38;2;249;137;10m[48;2;247;136;14m▀[0m[38;2;244;131;8m[48;2;233;124;8m▀[0m[38;2;219;125;8m▀[0m[38;2;42;7;0m▀[0m[38;2;40;7;0m[48;2;35;6;0m▀[0m[38;2;146;73;4m▀[0m[38;2;171;89;7m▀[0m[38;2;180;93;6m[48;2;38;10;0m▀[0m[38;2;244;127;4m[48;2;164;82;2m▀[0m[38;2;246;130;6m[48;2;243;129;4m▀[0m[38;2;250;137;11m[48;2;245;130;6m▀[0m[38;2;212;117;12m[48;2;210;115;8m▀[0m[38;2;42;6;0m[48;2;42;7;0m▀[0m[38;2;37;5;0m▄[0m[38;2;230;121;1m[48;2;236;125;2m▀[0m[38;2;210;105;2m[48;2;243;127;2m▀[0m[38;2;177;84;0m[48;2;233;119;0m▀[0m[38;2;248;130;2m[48;2;203;105;5m▀[0m[38;2;207;105;1m[48;2;92;26;0m▀[0m[38;2;37;5;0m▄[0m[38;2;42;16;0m▄[0m     
        [38;2;36;5;0m▄[0m [38;2;208;179;134m▄[0m[38;2;181;146;108m[48;2;237;203;151m▀[0m[38;2;238;211;169m[48;2;231;198;150m▀[0m[38;2;234;208;164m[48;2;241;209;164m▀[0m[38;2;127;87;56m▀[0m[38;2;39;8;1m[48;2;57;28;17m▀[0m[38;2;218;192;155m▄[0m[38;2;221;193;146m[48;2;250;221;172m▀[0m[38;2;225;195;145m[48;2;251;217;161m▀[0m[38;2;237;198;135m[48;2;252;221;166m▀[0m[38;2;247;152;42m[48;2;250;216;159m▀[0m[38;2;237;130;13m[48;2;201;136;64m▀[0m[38;2;67;22;1m[48;2;56;17;2m▀[0m[38;2;38;7;0m[48;2;57;31;18m▀[0m[38;2;218;193;155m▄[0m[38;2;208;176;134m[48;2;247;218;168m▀[0m[38;2;216;187;146m[48;2;251;219;164m▀[0m[38;2;197;170;132m[48;2;252;221;170m▀[0m[38;2;251;217;160m▄[0m[38;2;246;134;10m[48;2;248;159;57m▀[0m[38;2;245;129;5m[48;2;248;134;8m▀[0m[38;2;218;117;4m[48;2;230;125;3m▀[0m [38;2;42;6;0m▀[0m[38;2;174;90;4m[48;2;38;7;0m▀[0m[38;2;179;90;2m[48;2;38;8;0m▀[0m[38;2;230;119;2m▀[0m         
        [38;2;37;6;0m▀[0m[38;2;40;7;1m▀[0m[38;2;203;176;140m[48;2;157;130;100m▀[0m[38;2;235;206;159m[48;2;189;160;117m▀[0m[38;2;62;38;23m[48;2;46;19;8m▀[0m[38;2;243;212;166m[48;2;181;146;107m▀[0m  [38;2;246;222;182m[48;2;183;147;113m▀[0m[38;2;101;73;52m[48;2;54;24;9m▀[0m[38;2;242;214;164m[48;2;209;173;127m▀[0m[38;2;249;220;169m[48;2;209;175;137m▀[0m[38;2;239;217;171m[48;2;207;174;135m▀[0m[38;2;49;33;19m▀[0m [38;2;36;16;5m[48;2;41;21;9m▀[0m[38;2;245;219;175m[48;2;202;169;131m▀[0m [38;2;217;189;148m[48;2;199;171;131m▀[0m[38;2;250;219;169m[48;2;206;175;133m▀[0m[38;2;250;218;165m[48;2;204;170;127m▀[0m[38;2;247;195;125m[48;2;199;152;93m▀[0m[38;2;246;137;8m[48;2;189;103;6m▀[0m[38;2;159;77;3m▀[0m[38;2;36;6;0m▀[0m[38;2;36;7;0m▄[0m[38;2;39;7;0m▀[0m[38;2;39;9;0m▀[0m          
                            [38;2;37;6;1m▀[0m                 
